AA Gem              06 06 34 +26 19 45 3430067092837622272   9.4  1.4 FU F  68  12.0  11.303705 1.9e-05  58011.537774 6.0e-09
AB Cam              03 46 08 +58 47 02 473239154746762112   11.4  1.7 FU F  28   6.0   5.787585 6.4e-05  57060.317069 4.1e-10
AC Mon              07 00 59 -08 42 32 3050050207554658048   9.6  1.6 FU F  61   6.0   8.014995 4.8e-06  56894.022100 2.1e-09
AD Pup              07 48 03 -25 34 40 5614312705966204288   9.5  1.4 FU T 125  13.0  13.597599 1.3e-05  58269.802393 2.4e-12
AH Vel              08 11 59 -46 38 39 5519380081746387328   5.6  0.8 FO T  70   5.0   4.227158 5.6e-06  58326.793961 6.3e-09
AK Cep              22 28 50 +58 12 39 2007997408188526336  10.6  1.8 FU F  18   5.0   7.232608 5.3e-03  57417.918474 8.1e-09
AN Aur              04 59 41 +40 50 09 201574982848108416    9.9  1.6 FU F  40   7.0  10.288512 1.1e-04  58077.184797 5.1e-09
AO CMa              07 24 40 -26 11 18 5613165915335320192  11.4  1.8 FU F  42  11.0   5.815659 1.3e-03  58123.081734 3.6e-09
AQ Car              10 21 22 -61 04 26 5254662177677566464   8.6  1.2 FU T  70   8.0   9.769574 1.8e-05  57277.894077 1.0e-08
AQ Pup              07 58 22 -29 07 48 5597379741549105280   8.1  1.9 FU T 179   9.0  30.196519 2.1e-04  57996.610999 6.9e-08
AS Vul              19 47 44 +27 55 05 2028224024136014464  11.3  2.3 FU F  19   5.0  12.225389 8.5e-05  57039.958826 1.8e-08
ASAS J064540+0330.4 06 45 40 +03 30 24 3127416965285738880   9.7  1.2 FO T  46   2.0   3.014697 6.9e-05  58356.841991 1.3e-09
ASAS J064553+1003.8 06 45 53 +10 03 48 3350719221309022720  10.5  1.2 FO T  31   3.0   2.680051 5.8e-06  57098.272074 3.5e-09
ASAS J070747-2455.2 07 07 46 -24 55 12 5611465073923671424  11.2  1.3 FU F  20   3.0  11.182194 2.2e-04  56600.233795 2.7e-09
ASAS J083611-3903.7 08 36 10 -39 03 42 5528719780180011136   9.5  2.4 FU F  51   8.0  12.957635 1.9e-05  57034.322391 2.6e-08
ASAS J084412-3528.4 08 44 12 -35 28 23 5626365410677889792   9.9  1.4 FU F  66   4.0   7.216083 1.8e-05  57711.627975 7.9e-09
ASAS J084951-4627.2 08 49 51 -46 27 11 5329675052782690944  10.8  1.5 FO T  68   3.0   3.788889 1.7e-05  58228.554079 5.6e-09
ASAS J090932-5359.3 09 09 32 -53 59 16 5311139245252191616  11.7  1.2 FU F  23   5.0   3.590585 6.3e-04  57418.543013 3.9e-10
ASAS J091606-5418.6 09 16 06 -54 18 36 5310680130436798336  11.0  1.2 FO F  24   3.0   4.116643 1.3e-05  57732.077065 1.5e-09
ASAS J100814-5856.6 10 08 13 -58 56 35 5258280842214814336  11.4  1.9 FO T 136   3.0   3.766487 8.8e-06  56585.781236 2.1e-10
ASAS J101016-5811.2 10 10 16 -58 11 12 5258420858142702208   9.1  1.1 FO U  60   3.0   3.037516 1.2e-05  58388.998077 3.2e-09
ASAS J102558-5956.8 10 25 58 -59 56 43 5255209665741407744  10.7  1.4 FO F  30   4.0   3.395649 3.0e-06  57335.072189 1.1e-08
ASAS J104300-6131.2 10 43 00 -61 31 12 5254027106636092928  10.6  1.2 FO F  26   3.0   2.674460 4.5e-06  56864.970701 9.2e-10
ASAS J155847-5341.8 15 58 46 -53 41 48 5980814424369504256   9.4  1.5 FO T  57   3.0   2.807505 1.8e-02  58662.518858 2.5e-09
ASAS J162811-5111.9 16 28 10 -51 11 53 5934398717159140736   9.7  1.8 FO F  33   6.0   3.291777 3.4e-06  56153.407094 2.5e-12
ASAS J173848-3304.4 17 38 47 -33 04 23 4054155699611497472   9.0  1.9 FO F  20   6.0   3.719704 2.1e-04  57644.733931 3.1e-11
ASAS J174108-2328.5 17 41 08 -23 28 30 4116471792510901248   8.9  1.7 FO T  17   3.0   3.779664 2.2e-05  57672.795114 1.8e-09
ASAS J174603-3528.1 17 46 02 -35 28 05 4041107790775862272  10.3  1.6 FO T  62   3.0   2.572441 6.4e-06  57853.426134 4.7e-12
ASAS J180342-2211.0 18 03 42 -22 10 59 4069887786823732608   9.3  3.0 FU F  86  10.0  42.649360 9.7e-05  56789.836500 6.5e-08
ASAS J182714-1507.1 18 27 13 -15 07 05 4103989346187406464  10.1  1.8 FU F  39   7.0   5.545532 3.0e-06  57285.954102 1.7e-11
ASAS J183848-1324.8 18 38 48 -13 24 46 4103901934998323968   8.8  1.9 FO F  14   3.0   3.483333 2.7e-05  56618.945349 1.8e-09
ASAS J184741-0654.4 18 47 41 -06 54 24 4252368406036530688   8.7  1.3 FU F 122   3.0   6.439915 1.2e-05  57925.262256 9.7e-09
ASAS J190929+1232.8 19 09 28 +12 32 48 4313930611760205568  10.5  1.9 FO F  12   3.0   4.010959 6.8e-04  57284.811459 2.7e-10
ASAS J191719+0757.7 19 17 19 +07 57 42 4307796505080583552   8.0  1.7 FO F  33   4.0   4.469927 1.4e-02  56666.120324 1.8e-10
AV Cir              14 50 30 -67 29 51 5848500161483878400   7.1  1.2 FO F  58   4.0   3.065218 1.6e-06  56060.276673 6.8e-09
AV Sgr              18 04 48 -22 43 56 4069645924308096512  10.1  2.7 FU F   9   2.0  15.329361 3.5e-01  57578.087397 2.9e-08
AW Per              04 47 46 +36 43 22 174489098011145216    7.1  1.5 FU T  32   6.0   6.463826 7.0e-05  56643.972319 1.7e-09
AX Cir              14 52 35 -63 48 35 5873984023533350400   5.7  1.0 FU T  72   7.0   5.273442 2.3e-02  57768.132023 8.3e-11
BB Gem              06 34 35 +13 04 44 3355398399202605696  11.3  1.3 -  F  13   4.0   2.308207 3.2e-06  57962.353770 1.4e-09
BB Sgr              18 50 59 -20 17 42 4085919765884068736   6.6  1.3 -  F 101   8.0   6.637132 1.9e-03  56660.740144 5.5e-09
BG Cru              12 31 40 -59 25 26 6058439910929477120   5.3  0.8 FO F 127   3.0   3.342540 5.1e-07  58055.441765 2.4e-13
BG Vel              09 08 15 -51 26 10 5324034867356093056   7.2  1.5 FU F  87   7.0   6.923858 4.8e-03  57821.789245 9.3e-10
BK Aur              05 10 40 +49 41 15 261548119462093568    9.1  1.4 FU F  48   8.0   8.002697 7.7e-05  58117.383778 1.4e-08
BM Per              04 29 39 +48 25 19 258412862056729472    9.5  2.4 FU F  17   4.0  22.962456 2.0e-04  58051.546154 1.4e-08
BN Pup              08 06 21 -30 05 48 5596601154188852352   9.5  1.6 FU F 110  16.0  13.673604 1.6e-05  58266.117243 2.3e-09
BP Cir              14 46 41 -61 27 42 5877460679352962048   7.3  1.0 FO T 114   4.0   2.398125 6.0e-07  57002.106842 7.1e-09
BZ Cyg              20 45 59 +45 18 25 2070224337474904064   9.4  2.1 FU F  31   5.0  10.141903 7.0e-05  58487.227745 6.1e-10
CD Cyg              20 04 26 +34 06 44 2058374144759464064   8.5  1.7 FU T  62   7.0  17.076174 1.6e-04  57439.425526 1.9e-08
CH Cas              23 22 28 +62 45 25 2016581673416790656  10.1  2.3 FU U  28   7.0  15.091991 1.8e-04  57869.553192 2.8e-09
CP Cep              21 57 52 +56 09 50 2198162651499971200   9.8  2.0 FU F  44  10.0  17.866326 1.5e-04  57933.421531 8.5e-09
CR Car              10 32 54 -58 31 15 5351423049186195328  11.0  1.7 FU F  75   9.0   9.757970 4.4e-05  58261.483687 1.4e-08
CS Mon              06 32 10 +06 39 11 3132210870342377344  10.5  1.5 FU F  44   7.0   6.732000 8.4e-06  56156.562302 3.0e-09
CS Ori              06 07 25 +11 09 07 3330259852538068608  11.1  1.4 FU U  37  10.0   3.889114 1.3e-06  57819.787424 1.1e-09
CY Aur              04 57 40 +46 05 33 206577210999441536   11.1  2.0 FU U  36   8.0  13.845099 1.1e-04  58101.650452 1.2e-08
CY Cas              23 29 12 +63 22 27 2016626856473497344  10.8  2.3 FU F  20   5.0  14.378714 5.5e-05  57228.067988 6.6e-11
DD Cas              23 57 34 +62 43 05 2013029941628292352   9.4  1.5 FU F  27   6.0   9.812089 5.9e-05  57152.607698 1.0e-10
DG Vul              19 58 40 +27 41 01 2027621594813939840  10.3  2.5 FU F  43   9.0  13.608744 4.1e-05  58105.577764 4.6e-12
DK Vel              09 17 16 -53 05 05 5311598634949142400  10.4  1.2 FO F  34   4.0   2.481687 2.1e-06  56459.010932 2.0e-10
DL Cas              00 29 58 +60 12 43 428620663657823232    8.5  1.6 FU T  66   5.0   8.000934 8.2e-05  57612.352705 6.2e-09
DR Vel              09 31 40 -49 39 18 5313887130948758016   8.9  1.9 FU T  69  12.0  11.199535 1.1e-05  57304.667938 4.6e-09
DW Per              02 33 52 +57 01 39 457807268533229056   11.1  1.6 FU F  24   7.0   3.649960 9.6e-04  56695.496947 7.2e-09
EK Mon              06 52 46 -02 27 29 3106015688704277504  10.5  1.6 FU F  30   8.0   3.957978 4.7e-04  57119.776313 1.6e-09
EK Pup              07 41 49 -25 02 30 5614274807174596864  10.4  1.2 FO F  32   5.0   2.625895 8.9e-04  56207.579901 3.9e-11
EU Tau              05 45 40 +18 39 24 3398383973788673024   7.9  1.0 FO F  44   3.0   2.102247 1.2e-05  58134.853458 1.4e-09
EZ Cyg              19 57 49 +30 15 57 2030427789038000256  10.4  1.9 FU F  40   8.0  11.660750 1.1e-04  57865.283804 3.6e-09
FF Aql              18 58 14 +17 21 39 4514145288240593408   5.1  1.1 FO T  79   8.0   4.470984 7.4e-06  57769.469000 5.2e-10
FI Car              10 51 01 -58 35 26 5350852677538959104  10.9  2.0 FU U  57   6.0  13.457794 9.7e-05  58184.855952 2.2e-08
FM Aql              19 09 15 +10 33 08 4312361436842603520   7.8  1.7 -  F  15   4.0   6.114601 3.4e-04  56893.372581 1.0e-08
FN Aql              19 12 47 +03 33 26 4269036830424588800   7.9  1.6 FU F  60   7.0   9.481369 2.0e-05  58050.408202 2.3e-08
FN Vel              09 48 41 -55 31 10 5307761545524640256   9.8  1.7 FU T 127  11.0   5.324152 8.3e-06  56101.670432 1.0e-09
FO Car              11 01 30 -62 17 26 5241780677399802624  10.3  1.6 FU T  97  11.0  10.356892 3.3e-05  58201.727558 4.7e-15
FR Car              11 14 21 -60 03 10 5337764640889249536   9.3  1.4 FU T  52  11.0  10.716893 3.2e-05  58054.276488 2.3e-10
GH Car              11 10 44 -60 45 01 5337634589276921856   8.8  1.3 FU F  55   3.0   5.725491 1.1e-05  56133.344723 7.2e-09
GL Cyg              20 03 34 +39 09 34 2073935223599391872  13.2  1.6 FU U  17   4.0   3.370849 9.5e-04  56485.825068 8.3e-12
GQ Ori              06 11 13 +09 36 45 3329849043206545920   8.7  1.3 FU F  39   6.0   8.616590 5.7e-05  57798.862129 1.2e-08
GS Lup              14 55 15 -54 03 17 5893788220810031872   9.6  2.2 FU F 122   9.0  48.995676 2.6e-04  58365.243836 5.0e-13
GU Nor              16 14 54 -53 20 18 5932997939411720960   9.8  1.7 FU F  26   5.0   3.452943 4.1e-06  56956.674422 3.4e-09
GX Car              09 55 26 -58 25 46 5257664497238811776   9.0  1.4 FU T 164  11.0   7.196930 3.7e-06  56666.995785 3.0e-12
HQ Per              04 43 57 +40 50 05 202939854734748032   11.1  1.6 FU F  22   5.0   8.639022 3.0e-05  57413.026913 1.6e-08
HW Car              10 39 20 -61 09 08 5254097093074642944   8.8  1.3 FU U  88   5.0   9.199236 6.3e-06  56954.178423 3.5e-12
IQ Nor              15 12 49 -54 45 19 5887482762148283008   9.0  1.7 FU U  79   6.0   8.219926 7.2e-06  56188.785943 9.4e-09
IR Cep              21 57 51 +61 01 07 2203988169026743936   7.5  1.2 FO F  20   4.0   2.113946 1.7e-05  57494.900556 4.2e-11
IT Car              11 12 10 -61 45 17 5337191279937200256   7.8  1.2 FU T  78   4.0   7.532987 1.4e-05  59008.903880 2.8e-13
KK Cen              11 42 48 -58 59 36 5336389564126521728  10.9  1.8 FU F 107  10.0  12.182446 3.5e-05  58313.858146 9.3e-09
KN Cen              13 36 36 -64 33 29 5864135319959353600   9.1  2.1 FU T 186  19.0  34.027315 3.4e-05  58085.703530 3.2e-08
KQ Sco              16 51 38 -45 25 36 5964193485048327808   8.9  2.4 FU U 172  14.0  28.700818 5.0e-05  57432.789898 3.4e-09
KX Cyg              20 24 19 +40 33 39 2067549118302850304  10.4  3.0 FU F  29   7.0  20.051374 1.1e-03  56882.609548 3.9e-08
LR TrA              15 30 49 -65 35 57 5824226655600824704   7.6  1.0 FO T 107   4.0   2.428288 1.5e-06  57070.432807 8.9e-12
MN Cam              03 57 29 +54 56 17 444443941646255232   11.1  2.4 FU F  24   6.0   8.179734 4.3e-05  56850.736920 1.1e-11
MQ Cam              04 01 30 +55 02 43 468431815031779456   11.9  2.2 FU F  22   7.0   6.603265 1.8e-02  56613.805805 6.0e-09
MU Cep              22 23 38 +57 40 51 2200018111723748224  11.6  1.8 FU T  86   8.0   3.767849 6.3e-06  56604.451566 9.7e-10
MY Pup              07 38 18 -48 36 05 5506374096132016512   5.5  0.9 FU T  82   2.0   5.694106 2.9e-05  58166.671556 1.8e-10
MZ Cam              04 05 15 +54 36 11 276241546182796288   11.3  2.1 FO F  15   3.0   3.247461 1.2e-05  57095.997040 5.7e-09
NO Cas              00 24 04 +61 20 30 428893303878673408   11.0  1.5 FO F  35   3.0   2.582662 5.2e-06  56438.980645 6.9e-10
NT Pup              07 58 46 -38 59 40 5537860123428416640  11.5  1.8 FU T 121  12.0  15.560318 2.3e-05  56880.240671 9.6e-10
OX Cam              03 48 25 +59 26 32 473293889810320128   10.0  2.3 FU T  27   7.0   5.065491 5.0e-04  56057.359970 6.0e-10
QS Cam              04 03 46 +57 14 51 469680173047881344   11.6  1.9 FU F  26   5.0   5.124356 3.4e-05  57158.100135 3.6e-10
QZ Nor              16 11 20 -54 21 14 5932565900081831040   8.6  1.2 FO F 411   4.0   3.786811 5.0e-07  57345.434924 2.4e-11
R Cru               12 23 37 -61 37 44 6054935874795049216   6.5  1.1 FU T 217  11.0   5.825672 1.7e-06  57210.942026 8.2e-12
R Mus               12 42 05 -69 24 27 5855468247702904704   6.1  1.0 FU T  73   9.0   7.510324 8.1e-06  58519.485606 8.0e-09
RS Nor              16 05 09 -53 55 09 5932812431123862016   9.5  1.7 FU F  34  11.0   6.198184 1.5e-05  57540.448964 4.7e-11
RS Ori              06 22 13 +14 40 41 3368698813404804352   8.1  1.3 FU T  45   9.0   7.566925 2.2e-05  57280.321643 1.3e-08
RT Aur              06 28 34 +30 29 34 3435571660360952704   5.3  0.8 -  F  37   7.0   3.728431 2.2e-06  57997.264858 3.1e-11
RU Sct              18 41 56 -04 06 38 4258436301367796480   8.6  2.3 FU F  96  10.0  19.707643 3.0e-05  57222.170137 4.2e-08
RV Sco              16 58 19 -33 36 32 6026412893938675712   6.7  1.4 FU T  72   9.0   6.061321 2.6e-06  57848.672858 4.4e-09
RW Cam              03 54 21 +58 39 11 473043922712140928    8.1  1.8 FU T  45   9.0  16.415654 6.1e-05  57874.759812 9.3e-11
RW Cas              01 37 14 +57 45 33 508915489570374272    8.8  1.5 FU F  48  10.0  14.788141 7.0e-05  57540.295599 2.6e-08
RX Aur              05 01 23 +39 57 37 200708636406382720    7.3  1.3 FU T  30   6.0  11.624790 8.2e-05  58044.095219 2.1e-09
RY Cas              23 52 07 +58 44 30 1999252442448732288   9.3  1.7 FU F  39  10.0  12.139595 4.7e-05  57370.891028 9.7e-09
RY Sco              17 50 52 -33 42 20 4041690364529590144   7.3  2.0 FU T 124   6.0  20.326750 1.3e-05  57758.047401 2.2e-08
RY Vel              10 20 41 -55 19 17 5355057622307185280   7.8  1.8 FU T 150  10.0  28.174209 9.6e-05  58589.455229 3.3e-10
RZ Vel              08 37 01 -44 06 52 5523162573544337408   6.7  1.6 FU U 152  10.0  20.402005 5.9e-05  57059.096161 4.5e-08
S Cru               12 54 22 -58 25 50 6060173364074372352   6.4  1.1 FU F  57   9.0   4.689759 3.1e-06  57216.523806 1.2e-12
S Mus               12 12 47 -70 09 06 5855852527008107008   5.9  1.1 FU T  78   9.0   9.660008 2.2e-05  56439.803531 4.4e-09
S Nor               16 18 51 -57 53 59 5835124087174043136   6.2  1.2 FU U  60   9.0   9.754719 5.2e-06  57877.266149 1.9e-11
S Sge               19 56 01 +16 38 05 1820309639468685824   5.4  1.1 FU T  61   8.0   8.382084 1.2e-05  58067.400008 4.3e-12
S Vul               19 48 23 +27 17 11 2027971514401523456   8.1  2.2 FU U 128  10.0  68.920076 2.7e-03  58131.651663 1.9e-11
SS CMa              07 26 07 -25 15 26 5616601820448126336   9.4  1.7 FU T  97   9.0  12.352470 1.4e-05  57909.907131 1.2e-09
SS Sct              18 43 43 -07 43 51 4251917636212432384   7.9  1.3 FU F  12   4.0   3.671312 1.8e-03  56873.171657 7.4e-09
ST Tau              05 45 03 +13 34 34 3346584610911570176   7.9  1.3 FU F  17   4.0   4.034324 4.2e-05  57801.715038 2.3e-09
SV Mon              06 21 26 +06 28 12 3324153371114695680   8.0  1.4 FU F  92  11.0  15.234923 1.8e-05  57718.133051 1.3e-10
SV Per              04 49 47 +42 17 22 203496585576324224    8.6  1.4 FU F  47   7.0  11.129357 2.0e-05  58060.681729 9.9e-09
SV Vel              10 44 56 -56 17 22 5351331755370445056   8.2  1.6 FU F  73  10.0  14.097238 2.2e-05  57579.045312 1.0e-09
SV Vul              19 51 30 +27 27 36 2027951173435143680   6.7  1.9 FU F 148   9.0  44.832864 3.7e-04  58055.459741 1.8e-08
SW Vel              08 43 38 -47 24 11 5329352998951582976   7.7  1.6 FU F 385  13.0  23.386147 1.3e-05  57132.295522 1.7e-10
SX Vel              08 44 53 -46 20 34 5329838158460391296   8.0  1.3 FU T  52   9.0   9.550731 1.1e-05  58182.851893 8.0e-09
SY Aur              05 12 39 +42 49 54 201509768065410944    8.7  1.4 FU F  39   5.0  10.145079 2.6e-05  57445.044991 7.5e-12
SY Nor              15 54 42 -54 33 59 5884729035255064064   9.0  1.8 FU T  84   9.0  12.645213 1.9e-05  57958.625329 1.5e-10
SZ Aql              19 04 39 +01 18 22 4267549637851481344   8.2  1.8 -  T  92  12.0  17.140861 6.5e-05  58084.753024 1.9e-08
SZ Cas              02 27 13 +59 27 38 459263743483634304    9.1  1.9 FU F  38   3.0  13.636754 3.2e-04  56976.257008 3.4e-08
SZ Cyg              20 32 54 +46 36 04 2071433765909167232   8.8  1.8 FU T  53   9.0  15.109625 3.3e-05  57267.575967 3.5e-08
SZ Tau              04 37 14 +18 32 34 3409635486731094400   6.3  1.2 FO F 167   5.0   3.148432 3.5e-06  58155.518748 4.3e-09
T Ant               09 33 50 -36 36 56 5436296928693979392   9.1  1.0 FU F  78  17.0   5.898428 3.9e-04  56610.489047 2.9e-11
T Mon               06 25 13 +07 05 08 3324535073449061504   6.1  1.5 -  T 181  12.0  27.035502 3.3e-04  57676.608947 2.9e-08
TT Aql              19 08 13 +01 17 55 4267397694768545920   6.8  1.7 -  F  80  15.0  13.754611 2.3e-05  58101.358526 4.6e-10
TW Mon              06 50 32 +00 00 25 3113441691460573312  12.0  1.8 FU F  40   7.0   7.096997 9.6e-06  57534.804554 7.1e-09
TX Cyg              21 00 06 +42 35 51 2161786374436607616   8.4  2.6 FU F  37   9.0  14.711953 3.2e-05  58093.005856 1.9e-08
TX Mon              06 50 52 -01 25 45 3106349738382214144  10.5  1.5 FU T  90   7.0   8.702118 1.3e-05  57643.419046 3.3e-12
TY Sct              18 42 07 -04 17 36 4256744187345732224   9.9  2.1 FU F  30   7.0  11.053828 1.2e-04  57780.218008 1.0e-08
TZ Mon              06 58 00 -00 22 33 3112475495616980992  10.5  1.6 -  F  43   9.0   7.428215 5.3e-06  57807.858736 1.5e-08
U Car               10 57 48 -59 43 55 5338359442320395904   5.9  1.5 FU F 237  10.0  38.841925 2.5e-05  58126.042771 6.9e-09
U Sgr               18 31 53 -19 07 30 4092905375639902464   6.4  1.5 -  F  34   8.0   6.745298 2.9e-03  58231.543560 5.1e-11
U Vul               19 36 37 +20 19 58 1825621002188696448   6.6  1.8 FU T 107   8.0   7.990663 3.6e-06  58634.649799 2.6e-10
UU Mus              11 52 17 -65 24 15 5332375453374624640   9.4  1.5 FU F 108  12.0  11.636397 1.6e-05  58314.889099 2.3e-08
UX Per              02 13 07 +58 04 48 506699870563323264   11.3  1.4 FU T  27   7.0   4.565709 7.8e-04  56715.604027 7.2e-11
UY Per              02 34 31 +58 49 54 458239995077788544   10.6  2.1 FU F  41   8.0   5.365153 2.0e-03  56405.253722 1.6e-13
UZ Sct              18 31 22 -12 55 43 4104869264724284544  10.3  2.4 FU T  59  11.0  14.747529 6.7e-05  58162.967557 5.4e-13
V Cen               14 32 33 -56 53 15 5891675303053080704   6.5  1.3 FU F  48   9.0   5.494073 6.0e-06  57460.173929 2.0e-09
V0335 Pup           07 56 57 -22 49 31 5711201189563596416   8.5  1.0 FO F 456   4.0   4.861113 2.8e-06  57856.775177 6.1e-11
V0339 Cen           14 21 48 -61 32 58 5854560115494081024   8.3  1.5 FU F  60  10.0   9.466677 1.2e-05  57777.012911 1.4e-08
V0340 Ara           16 45 19 -51 20 33 5937099633141128448   9.6  1.9 FU T 112  10.0  20.815487 1.1e-04  58137.448712 1.1e-10
V0340 Nor           16 13 17 -54 14 05 5932569709575669504   8.0  1.4 FU F  71   3.0  11.288514 1.0e-04  56552.631638 5.3e-09
V0371 Gem           06 10 19 +24 01 15 3425495186047291136  10.5  1.1 FO F  27   4.0   2.137480 1.6e-06  57163.131214 5.0e-11
V0378 Cen           13 18 58 -62 22 56 5868480143187802240   8.1  1.4 FU F  57   6.0   6.460000 1.2e-05  57293.497945 2.8e-09
V0379 Cas           00 26 35 +60 47 53 428839329030983040    8.7  1.5 FO F  20   3.0   4.306676 3.4e-03  57422.507786 1.0e-08
V0381 Cen           13 50 44 -57 34 49 5871738271033526016   7.4  1.1 FU F  41  10.0   5.078832 4.9e-02  56882.415767 1.2e-08
V0389 Sct           18 27 35 -11 16 42 4153415176928480896  10.4  2.2 FO F  18   4.0   3.799610 1.0e-03  57996.119318 1.6e-10
V0391 Nor           15 31 52 -59 14 59 5881995546318024704   8.7  1.4 FO T  91   3.0   4.373319 2.7e-06  57019.702997 3.1e-09
V0397 Car           10 00 03 -66 16 34 5245796334347122944   8.1  1.0 FO F  94   4.0   2.063466 1.3e-06  56900.307028 1.0e-09
V0397 Nor           16 15 55 -51 07 18 5935042378098601856  10.3  2.0 FU F  29   6.0   6.812620 6.2e-06  57338.297251 8.9e-10
V0402 Cyg           20 09 07 +37 09 07 2060021625508894592   9.5  1.3 FU T  22   6.0   4.364925 6.4e-06  57756.611458 1.5e-10
V0407 Cas           23 54 24 +62 08 58 2012787293154800896  11.4  1.7 FU T  34   5.0   4.566102 1.4e-04  57373.142388 2.4e-09
V0411 Lac           22 28 58 +50 57 47 2000294573320350976   7.6  1.0 FO F  44   3.0   2.908506 5.8e-06  56742.655497 7.1e-09
V0440 Per           02 23 51 +55 21 53 455914562346088704    6.0  1.1 FU F 103   2.0   7.572790 3.8e-05  57855.853084 5.1e-11
V0459 Cyg           21 10 54 +49 08 31 2165771172070496512   9.9  1.9 FU F  18   5.0   7.251487 1.4e-04  57822.249478 1.1e-08
V0492 Cyg           20 11 13 +35 24 48 2058874388200159872  11.6  2.1 FU T  26   5.0   7.578010 9.9e-03  57618.245492 8.7e-10
V0496 Cen           13 03 10 -60 52 38 6055722403534963840   9.5  1.6 FU F  49   7.0   4.424147 2.5e-06  56120.204866 8.5e-11
V0526 Mon           07 01 53 -01 07 51 3112550812164329856   8.4  0.9 FO F  71   3.0   2.675092 3.1e-04  56866.525393 1.6e-10
V0659 Cen           13 31 33 -61 34 56 5868451040512196224   6.4  1.0 FU T 183   2.0   5.623987 1.0e-05  57070.757644 7.5e-09
V0737 Cen           14 37 11 -62 00 39 5877533315817003648   6.4  1.2 FU F  69   5.0   7.065909 3.4e-06  56763.623387 7.7e-12
V0827 Cas           00 37 18 +63 12 56 430814876547869440   10.7  1.8 FO T  18   4.0   3.198603 8.6e-06  57029.793755 2.5e-10
V0916 Aql           19 10 00 +12 32 11 4313179507891570304  10.1  2.2 FU T  54  10.0  13.443602 1.4e-05  57943.251106 5.7e-15
V0950 Sco           17 37 37 -40 48 48 5960623272099513856   7.1  1.1 FO F  98   6.0   3.380176 6.1e-07  57211.819941 5.7e-13
V1019 Cas           23 17 51 +62 08 04 2015049435241306368  10.8  1.9 FO F  27   2.0   3.620491 1.5e-02  56868.733766 4.8e-11
V1046 Cyg           20 16 47 +36 32 59 2060460704279873536  11.6  2.1 FU F  16   4.0   4.944950 2.0e-02  57123.488295 3.3e-10
V1154 Cyg           19 48 15 +43 07 36 2078709577944648192   8.9  1.2 FU F 216   7.0   4.925416 1.8e-05  56683.842928 1.4e-09
V1162 Aql           19 52 20 -11 22 00 4190143160245024256   7.6  1.2 FU T  19   5.0   5.376207 1.4e-04  57693.725025 2.3e-11
V1197 Cen           13 40 37 -63 22 29 5865376148813776640  12.2  2.6 FU F   9   2.0   5.563761 2.6e-03  56095.462305 2.9e-10
V1334 Cyg           21 19 22 +38 14 14 1964855904803120640   5.7  0.7 FO T  68   3.0   3.332490 5.7e-06  57400.212031 7.5e-09
V1726 Cyg           21 29 38 +48 58 08 2170875933990745088   8.7  1.2 FO F  27   5.0   4.237030 1.4e-05  56557.352302 2.9e-12
V1803 Aql           19 20 06 +12 47 43 4319018739208020096   9.4  2.4 FU T  62   6.0   8.628130 1.0e-05  57968.876818 2.6e-12
V2340 Cyg           21 28 44 +48 58 41 2170785842762144512  10.1  1.7 FU F  31   5.0   7.966634 1.3e-05  56337.380098 1.5e-08
V2475 Cyg           20 13 56 +35 19 41 2055881689337758336  11.3  2.5 FU T  44  10.0  11.555709 8.4e-05  56590.024197 1.9e-10
V5567 Sgr           18 21 05 -18 27 21 4096341040228858240   9.7  2.0 FU F  26   9.0   9.762140 5.1e-05  58253.745132 2.1e-10
VW Cen              13 33 59 -64 03 20 5864955727424819200   9.7  1.7 FU F 102  16.0  15.036803 1.4e-05  57707.202378 3.4e-11
VX Cyg              20 57 20 +40 10 39 1873250780732545920   9.3  2.1 FU F  48  12.0  20.136126 9.0e-05  58621.841703 9.1e-09
VX Per              02 07 48 +58 26 36 506779550797525760    8.8  1.6 FU F  45   7.0  10.882386 3.1e-05  57046.335888 4.7e-09
VY Car              10 44 32 -57 33 55 5351161399793209984   7.2  1.5 FU F  95   9.0  18.882357 2.5e-05  56632.425682 1.8e-11
VY Per              02 27 35 +58 55 01 459035766618689280   10.4  2.2 FU T  43   9.0   5.531908 7.8e-04  58105.792281 2.1e-11
VY Sgr              18 12 04 -20 42 14 4094007532908816896  10.4  2.6 FU T  62  10.0  13.558528 2.3e-05  57168.013456 2.7e-09
VZ Pup              07 38 35 -28 29 58 5600052040150252800   9.2  1.6 FU T 172  11.0  23.174332 3.0e-05  58432.156846 1.2e-10
W Gem               06 34 57 +15 19 49 3356940155020790656   6.6  1.3 FU F 102  17.0   7.912647 1.8e-06  57148.322128 2.3e-09
W Sgr               18 05 01 -29 34 48 4050309195613114624   4.4  1.1 FU T  81   9.0   7.595078 6.9e-06  58237.212266 2.5e-12
WW Mon              06 33 37 +09 12 12 3326443821335586816  12.0  1.7 FU F  39   9.0   4.662160 4.5e-05  58016.612941 2.6e-09
WX Pup              07 41 58 -25 52 34 5613972681993587200   8.7  1.3 FU F  57  11.0   8.936155 1.6e-05  58116.065830 2.2e-09
WZ Car              10 55 18 -60 56 24 5338182833266967680   8.8  1.5 FU F  90  12.0  23.014589 2.4e-04  58136.628314 1.3e-08
WZ Sgr              18 16 59 -19 04 32 4094784475310672128   7.5  1.8 FU F 119  13.0  21.849418 3.1e-05  57465.549378 3.9e-10
X Cyg               20 43 24 +35 35 16 1870258975238302208   6.1  1.4 FU T  50  13.0  16.386561 5.7e-05  57659.182189 3.1e-09
X Lac               22 49 03 +56 25 41 2004036486267748352   8.1  1.2 FU F  18   3.0   5.445379 5.6e-05  57612.373886 4.5e-09
X Pup               07 32 47 -20 54 34 5620098679741674496   7.6  1.7 FU F 173  13.0  25.969705 2.0e-05  58298.498515 1.6e-11
X Sgr               17 47 33 -27 49 50 4057701830728920064   4.3  1.1 FU F 344   8.0   7.012805 2.8e-06  57908.043735 3.5e-14
XX Car              10 57 09 -65 08 05 5238808628736339584   9.0  1.4 FU F 104  13.0  15.705209 3.1e-05  58244.888867 1.4e-08
XX Cen              13 40 18 -57 36 47 5871922507947292032   7.5  1.3 FU T 141  10.0  10.951956 1.7e-05  57855.756679 1.2e-08
XY Car              11 02 16 -64 15 46 5240441472232302848   8.9  1.5 FU F  78  12.0  12.436660 7.2e-06  57329.066675 9.2e-11
XZ Car              11 04 13 -60 58 47 5338036117182452096   8.1  1.6 FU T 139  15.0  16.652069 2.8e-05  56985.891357 4.1e-09
Y Oph               17 52 38 -06 08 36 4175017625462647168   5.5  1.9 FU F  92   4.0  17.127487 4.6e-05  58809.815166 2.3e-08
Y Sct               18 38 03 -08 22 08 4156450099578283776   8.9  2.0 FU F  68  11.0  10.341356 1.8e-05  58006.344477 2.1e-10
Y Sgr               18 21 22 -18 51 35 4096107909387492992   5.5  1.2 FU F  50   9.0   5.773356 5.4e-04  57862.430209 3.7e-09
YZ Aur              05 15 21 +40 04 40 188724234539584256    9.8  1.9 FU F  46   8.0  18.194309 1.2e-04  58023.891986 7.4e-09
YZ Car              10 28 16 -59 21 00 5255254711361371520   8.3  1.5 FU T  75   8.0  18.169553 1.5e-04  57613.783785 1.1e-12
YZ Sgr              18 49 28 -16 43 22 4099189015819292800   7.0  1.3 FU F  76  11.0   9.553892 6.2e-06  58048.870815 1.3e-08
Z Lac               22 40 52 +56 49 46 2007201567928631296   8.0  1.5 FU T  56  12.0  10.885884 7.7e-05  58184.678394 4.2e-09
Z Sct               18 42 57 -05 49 15 4253435825622331392   9.1  1.7 FU F 104  12.0  12.901854 4.5e-05  57429.935255 5.6e-09
alf UMi             02 31 49 +89 15 50 -                              -  T 186   2.0   3.972013 1.3e-05  57430.454716 5.2e-09
bet Dor             05 33 37 -62 29 23 4757601523650165120   3.6  1.0 -  T 305  13.0   9.842732 1.8e-06  57359.570895 7.8e-09
del Cep             22 29 10 +58 24 54 2200153454733285248   3.8  1.0 FU T 310  12.0   5.366267 2.3e-06  57046.304754 7.6e-10
eta Aql             19 52 28 +01 00 20 4240272953377646592   3.6  1.1 FU T  55  10.0   7.176834 1.3e-02  57851.033002 2.3e-11
l Car               09 45 14 -62 30 28 5250032958818831360   3.4  1.5 FU F 929  13.0  35.560325 3.6e-05  57158.653052 1.2e-10
zet Gem             07 04 06 +20 34 13 3366754155291545344   3.5  1.0 -  F  92  11.0  10.149531 4.7e-05  56916.738597 9.3e-10
AP Cas              00 33 16 +62 54 25 430766016998901376   11.0  1.8 FU F   1                                               
ASAS J074902-1906.8 07 49 01 -19 06 47 5715901567412202496   9.5  1.1 FO F   2                                               
ASAS J075345-3658.2 07 53 45 -36 58 14 5539107450645759232  10.6  1.7 FU F   2                                               
ASAS J082710-3825.9 08 27 10 -38 25 54 5541688691633168384  10.5  1.8 -  F   2                                               
ASAS J084304-5117.9 08 43 04 -51 17 53 5321764135331264768  11.2  1.3 FO F   7                                               
ASAS J094827-5801.1 09 48 27 -58 01 06 5257911092756471936  11.3  1.8 FU F   1                                               
ASAS J103052-5903.7 10 30 52 -59 03 42 5255309098485373824  12.2  2.1 FU F   2                                               
ASAS J115701-6218.7 11 57 01 -62 18 42 5334675185024180864  11.9  2.6 FU U   1                                               
ASAS J122511-6120.9 12 25 10 -61 20 53 6057943520139661184   9.8  1.3 FO F   3                                               
ASAS J181215-2029.1 18 12 14 -20 29 00 4094205337582956416  10.7  2.3 FO F   7                                               
ASAS J183347-0448.6 18 33 46 -04 48 35 4256464464696335616  10.1  2.0 FO F   6                                               
ASAS J183652-0907.1 18 36 52 -09 07 04 4155550943909053696  10.7  2.0 FO F   6                                               
ASAS J191351+0251.3 19 13 50 +02 51 20 4268198624632052352  10.9  1.4 FO F   2                                               
ASAS J192310+1351.4 19 23 10 +13 51 24 4319599865468760832  10.1  2.1 FO F   4                                               
BR Vul              19 46 35 +22 53 23 1827869808377481216  10.0  2.0 FU F   6                                               
CG Cas              00 00 59 +60 57 32 429385923752386944   10.8  1.7 FU F   1                                               
DW Cas              23 38 48 +59 23 30 2011315528113463808  10.5  1.9 FU F   5                                               
EV Aql              19 06 46 +14 55 46 4512633184897230336  11.2  1.9 FU F   1                                               
GM Cas              02 26 56 +60 34 17 465365517618881536   10.8  2.4 FU F   6                                               
GSC 03996-00312     22 46 21 +59 57 31 2008577744163053696  11.1  1.8 FO F   5                                               
TV CMa              07 09 15 -13 47 09 3044483895581000192  10.1  1.7 FU F   4                                               
U Aql               19 29 21 -07 02 38 4207681367143932800   6.1  1.4 FU F   3                                               
V0335 Aur           05 42 29 +37 38 46 189739251272296192   12.0  1.6 FU F   5                                               
V0458 Sct           18 22 27 -10 07 29 4154536747505387648   9.3  1.6 FU F   2                                               
V0493 Aql           18 57 24 -00 43 48 4265371574109405824  10.5  1.7 FU F   2                                               
V0600 Aql           19 21 02 +08 30 58 4307944836090489600   9.3  1.9 FU F   1                                               
V1954 Sgr           18 15 26 -20 37 46 4093976334264606976  10.2  1.9 FU F   5                                               
X Sct               18 31 19 -13 06 29 4104857784196182400   9.5  1.7 FU F   8                                               
ER Aur              05 13 09 +41 59 26 201222280134342144   11.1  1.5 FU F   9                                               
SU Cas              02 51 58 +68 53 18 541716257882226560    5.7  1.0 FO F  11                                               
ASAS J103158-5814.7 10 31 58 -58 14 41 5351436724362450304  11.1  1.2 FO T 144                                               
RS Pup              08 13 04 -34 34 42 5546476927338700416   6.5  1.9 FU F 460                                               
SU Cyg              19 44 48 +29 15 52 2031776202613700480   6.7  0.9 FU T  18                                               
V0473 Lyr           19 15 59 +27 55 34 2036471357742521728   6.0  0.8 FO F  91                                               
MS Mus              11 49 19 -66 00 38 5236267691745145088   9.9  1.0 FO F  44                                               
TU Cas              00 26 19 +51 16 49 394818721274314112    7.6  0.9 MU F  65                                               
V1048 Cen           11 28 42 -59 25 43 5336171517280056448  10.4  1.0 MU F  61                                               
V1210 Cen           14 36 55 -58 15 41 5891313563729348480   9.6  1.6 FO F  54                                               
Y Car               10 33 10 -58 29 55 5351428787262634624   8.0  0.9 MU U  13                                               
