AA Gem                  42     137.5   19.608 39.880 17.355 -1.317 0.0511 0.72  0.1444  5.81  0.0759  3.94  0.0170  1.54
AB Cam                  14     999.7  -43.980 47.204 16.814 -1.524 0.4957 4.71  0.2981  3.37  0.1551  1.93  0.0810  0.38
AC Mon                  47    1420.7   60.494 38.814 14.542 -1.355 0.5818 5.32  0.1397  3.95  0.1185  2.80  0.0223  1.83
AD Pup               4  93    2359.3   72.908 52.429 22.918 -1.337 0.0936 4.77  0.1075  5.82  0.1000  4.16  0.0449  2.67
AH Vel               1  57   17218.1   26.815 16.852  8.467 -1.544 0.1301 5.04  0.0436  3.23  0.0085  1.69  0.0181  5.89
AK Cep                   6     143.5  -53.950 36.077 14.119 -1.517 0.4548 4.72  0.2124  3.60  0.0810  2.18  0.0410  0.45
AN Aur                  24     205.6    4.094 33.243 13.759 -1.230 0.5051 5.88  0.1796  4.14  0.0890  3.70  0.0573  1.74
AO CMa                  18      41.4   80.234 38.669 14.938 -1.497 0.4730 4.75  0.2468  3.45  0.1075  2.08  0.0609  0.51
AQ Car               1  51    1098.1    1.514 32.709 13.966 -1.165 0.3019 0.36  0.1677  4.90  0.0030  4.99  0.0356  3.83
AQ Pup               3 156   17279.6   63.077 59.275 25.694 -1.705 0.3383 4.57  0.1399  2.56  0.0940  0.48  0.0789  4.91
AS Vul                   7     234.8   17.636 52.253 22.135 -1.400 0.1021 4.62  0.0991  6.23  0.1205  4.31  0.0535  2.33
ASAS J064540+0330.4  9  20      78.3   67.757  5.540  2.753 -1.566 0.0561 4.80
ASAS J064553+1003.8  3  20    1318.9   42.856 21.060  9.594 -1.573 0.2657 4.72  0.0549  3.03
ASAS J070747-2455.2     12     175.8   97.280 19.441  9.020 -1.261 0.2646 0.17  0.1032  4.77
ASAS J083611-3903.7     33     277.5   15.365 27.062 12.687 -1.263 0.2834 6.17  0.1242  4.23  0.0198  5.26  0.0521  2.96
ASAS J084412-3528.4     56    1842.7   57.484 15.034  7.495 -1.650 0.1701 4.30  0.0566  2.41  0.0230  0.83
ASAS J084951-4627.2  8  47     269.8   40.882 13.554  6.662 -1.538 0.1457 4.99  0.0291  3.32
ASAS J090932-5359.3     11      41.3   59.393 29.849 13.841 -1.629 0.2897 4.50  0.1199  2.79  0.0425  1.25  0.0172  5.71
ASAS J091606-5418.6     16     337.8   81.216 15.688  7.870 -1.532 0.1217 4.98  0.0450  3.61
ASAS J100814-5856.6  3  80    1088.2   -1.544 12.636  6.270 -1.519 0.1204 5.17  0.0230  3.78
ASAS J101016-5811.2  4  39     482.4    8.420 15.348  7.291 -1.570 0.2096 4.74  0.0559  3.05
ASAS J102558-5956.8     20      87.0    6.638 15.402  7.492 -1.556 0.1980 4.84  0.0507  3.12  0.0167  1.59
ASAS J104300-6131.2     18     130.6    6.327 12.137  5.881 -1.568 0.1716 4.73  0.0364  3.18
ASAS J155847-5341.8  1  48      51.7  -22.744  8.258  4.088 -1.578 0.1062 4.61  0.0140  3.22
ASAS J162811-5111.9     19      38.7  -25.922 12.718  6.170 -1.559 0.1750 4.79  0.0313  3.33  0.0084  1.76  0.0012  0.75
ASAS J173848-3304.4      6       1.7  -34.193 14.163  6.902 -1.538 0.1874 4.94  0.0412  3.35  0.0155  1.80  0.0049  0.40
ASAS J174108-2328.5  1   8      21.7    3.924 10.347  5.130 -1.539 0.1168 5.15  0.0211  2.65
ASAS J174603-3528.1  5  49     359.0  -47.749 10.973  5.457 -1.580 0.1087 4.73  0.0258  2.60
ASAS J180342-2211.0     64    4695.7   11.078 35.984 16.530 -1.614 0.3239 4.57  0.1847  2.85  0.1085  1.25  0.0688  6.00
ASAS J182714-1507.1     23     228.4   24.890 31.686 14.232 -1.533 0.3263 4.72  0.1492  3.35  0.0677  2.00  0.0316  0.52
ASAS J183848-1324.8      6      19.1  -13.798 19.964  9.139 -1.518 0.2613 4.96  0.0464  3.63
ASAS J184741-0654.4    114    2384.0   35.541  8.579  4.266 -1.626 0.0851 4.15  0.0197  1.85
ASAS J190929+1232.8      4      24.8   33.903 13.549  6.578 -1.520 0.1401 5.21  0.0025  1.72
ASAS J191719+0757.7     23      73.1    2.529 13.371  6.797 -1.539 0.0973 5.04  0.0304  3.53  0.0130  1.53
AV Cir                  48    2249.0    5.333 14.259  6.978 -1.576 0.1985 4.76  0.0471  2.93  0.0278  1.29
AV Sgr                   3      21.2   23.564 47.252 22.509 -1.602 0.1705 4.46
AW Per               1  17      76.3   13.221 40.373 15.816 -1.476 0.4689 4.82  0.2271  3.69  0.1064  2.38  0.0818  0.62
AX Cir               2  54   25684.5  -16.624 29.573 12.998 -1.525 0.3438 4.71  0.1451  3.47  0.0598  2.05  0.0285  0.70
BB Gem                   3       7.9   65.557 41.119 18.054 -1.634 0.3249 4.42  0.1473  2.88  0.0478  1.34
BB Sgr                  83    5256.7    7.260 32.302 13.050 -1.431 0.4523 4.98  0.1535  4.13  0.0562  2.47  0.0337  1.61
BG Cru                 119   11863.6  -19.149 10.631  5.248 -1.559 0.1120 4.84  0.0133  3.19
BG Vel                  71    1800.1   10.344 26.351 11.126 -1.439 0.4062 5.06  0.0902  4.27  0.0373  2.50  0.0146  1.95
BK Aur                  30      10.3  -36.065 35.542 14.065 -1.366 0.5179 5.32  0.1281  4.09  0.0966  2.70  0.0185  1.79
BM Per                   7      23.4  -43.808 59.158 25.762 -1.572 0.3368 4.72  0.1061  3.13  0.0237  1.52
BN Pup                  76     737.4   66.184 58.239 24.896 -1.724 0.2003 4.54  0.0444  0.08  0.0906  4.56  0.0687  3.01
BP Cir               2 102    3932.4  -16.849 16.912  8.096 -1.619 0.2105 4.51  0.0516  2.65  0.0133  0.68
BZ Cyg                  19      51.7  -11.006 27.673 12.185 -1.274 0.4423 5.83  0.1158  4.14  0.0631  3.72  0.0277  1.74
CD Cyg                  46    7937.7   -8.806 59.204 24.657 -1.760 0.2719 4.57  0.0534  1.78  0.0686  5.27  0.0757  3.61
CH Cas                  12      95.1  -52.519 39.843 18.183 -1.377 0.0882 5.68  0.1160  4.96  0.0363  3.00  0.0134  4.32
CP Cep                  22      99.1  -40.699 45.773 20.099 -1.786 0.2383 4.51  0.0683  1.72  0.0854  5.74  0.0667  4.08
CR Car                  55     164.3   23.650 29.676 12.894 -1.162 0.4350 6.26  0.1581  4.42  0.0490  4.54  0.0417  2.62
CS Mon                  28     173.9   42.382 32.387 13.190 -1.449 0.4354 4.94  0.1400  4.03  0.0484  2.48  0.0321  1.57
CS Ori               4  11      19.6   38.919 35.170 15.708 -1.641 0.3604 4.56  0.1633  2.85  0.0928  1.02  0.0476  5.70
CY Aur                  18     199.7  -13.375 56.522 23.603 -1.770 0.1557 4.46  0.0894  0.21  0.1140  4.63  0.0809  2.94
CY Cas                   8     403.2  -79.737 55.739 23.971 -1.602 0.1707 4.54  0.0517  6.25  0.0819  4.62  0.0429  3.15
DD Cas                  13      35.0  -69.452 33.766 14.447 -1.178 0.2327 0.52  0.1700  5.16  0.0133  2.92  0.0321  4.43
DG Vul                  23     195.4    2.615 42.887 19.500 -1.416 0.0660 5.08  0.0962  5.34  0.0590  3.59  0.0024  2.67
DK Vel                  24    1334.3   31.555 16.315  7.764 -1.622 0.2250 4.52  0.0490  2.58  0.0200  0.80
DL Cas              10  26     137.6  -46.532 32.612 13.059 -1.408 0.4808 5.19  0.1021  4.09  0.0524  2.80  0.0193  1.95
DR Vel               2  41     204.0   22.387 43.215 18.917 -1.333 0.0329 0.09  0.1383  5.82  0.0802  4.00  0.0206  1.68
DW Per                   8       8.4  -40.040 32.306 14.894 -1.662 0.3251 4.45  0.1260  2.66  0.0646  0.93  0.0313  5.59
EK Mon                  12      36.4   47.899 30.917 14.329 -1.598 0.3076 4.59  0.1261  2.99  0.0575  1.35  0.0245  6.02
EK Pup                  20     408.8   73.561 18.617  8.807 -1.610 0.2502 4.62  0.0735  2.78  0.0278  0.97  0.0103  5.47
EU Tau                  36     876.6   -1.478 16.684  7.959 -1.624 0.2074 4.42  0.0528  2.70
EZ Cyg                  22     401.9   -0.445 49.228 21.295 -1.318 0.0334 5.20  0.1351  5.85  0.0988  4.02  0.0296  2.01
FF Aql               8  53    1775.6  -20.182 16.218  8.150 -1.532 0.1235 5.07  0.0332  3.45  0.0141  1.15  0.0057  0.80
FI Car               4  39     306.3   13.703 42.802 19.377 -1.550 0.0627 4.31  0.0857  0.02  0.0701  4.53  0.0313  2.66
FM Aql                   5       4.2   -5.442 38.503 15.259 -1.520 0.4061 4.76  0.2105  3.32  0.1065  2.43
FN Aql                  44     710.6   13.458 33.876 14.697 -1.238 0.1663 0.59  0.1552  5.39  0.0362  3.29  0.0179  5.36
FN Vel              10  83    4794.2   -0.844 33.651 14.601 -1.530 0.3612 4.70  0.1701  3.32  0.0764  1.95  0.0304  0.62
FO Car              10  55     455.0    7.566 38.431 16.676 -1.254 0.1307 0.61  0.1562  5.47  0.0483  3.47  0.0187  5.52
FR Car               1  27     594.2   -7.412 41.108 18.046 -1.328 0.0481 0.50  0.1405  5.75  0.0724  3.90  0.0171  1.35
GH Car                  47    1303.1   -5.313 16.983  8.335 -1.626 0.1256 4.31  0.0219  1.94
GL Cyg               2   5      33.7  -85.820 36.306 16.096 -1.645 0.3163 4.51  0.1095  2.63  0.0346  0.41
GQ Ori                  25     468.7   45.358 37.455 14.384 -1.340 0.5628 5.39  0.1310  4.01  0.1137  2.90  0.0186  1.80
GS Lup                 102   69168.2  -86.851 43.964 18.821 -1.631 0.3959 4.51  0.2224  2.85  0.1416  1.27  0.0909  5.98
GU Nor                  14     133.2  -23.705 28.451 13.440 -1.601 0.2693 4.61  0.0954  2.92  0.0342  1.27  0.0163  6.13
GX Car               7 127    1476.9   17.749 39.633 15.105 -1.379 0.5448 5.14  0.1901  4.17  0.1008  2.40  0.0533  1.79
HQ Per                  10      12.6  -34.096 29.023 11.611 -1.447 0.4771 5.24  0.0644  3.39  0.0334  2.59  0.0186  5.29
HW Car                  76    2086.4  -13.051 19.325  9.051 -1.290 0.2218 0.34  0.0770  4.88  0.0009  5.75  0.0070  4.37
IQ Nor                  65    2548.6  -24.510 34.999 13.752 -1.324 0.5451 5.49  0.1104  4.06  0.0961  3.06  0.0102  1.70
IR Cep                  10     204.8   -5.277 19.987  9.586 -1.599 0.2649 4.68  0.0720  2.05  0.0682  1.85
IT Car              12  55     508.8    9.132 18.226  8.185 -1.411 0.3319 5.43  0.0296  4.16  0.0182  3.18
KK Cen                  85     515.3   -3.174 38.708 17.489 -1.263 0.1388 0.13  0.1408  4.99  0.0285  3.23  0.0371  4.00
KN Cen               3 143   10981.5  -42.580 48.889 21.883 -1.671 0.3685 4.56  0.2113  2.69  0.1497  0.96  0.1089  5.58
KQ Sco                 142   35254.6  -23.777 43.844 20.086 -1.671 0.3197 4.59  0.1574  2.63  0.1111  0.79  0.0848  5.43
KX Cyg                  13     543.6   -8.365 57.636 24.136 -1.753 0.2757 4.58  0.0604  1.97  0.0733  5.53  0.0711  3.87
LR TrA               3  94     673.8  -25.312 11.244  5.506 -1.582 0.1170 4.63  0.0146  2.99  0.0086  5.08
MN Cam                  10      59.3  -58.354 34.231 13.226 -1.315 0.5757 5.50  0.1244  3.92  0.1096  3.13  0.0273  1.36
MQ Cam                   6      16.5  -28.331 37.506 14.194 -1.441 0.5131 4.93  0.1984  3.98  0.0903  2.29  0.0487  1.34
MU Cep              15  53     410.8  -61.344 33.077 14.907 -1.614 0.3386 4.60  0.1504  2.84  0.0646  1.31  0.0326  5.97
MY Pup               5  71   31159.8   15.007  8.926  4.435 -1.610 0.0710 4.05
MZ Cam                   7     172.9  -21.396 21.370  9.790 -1.557 0.2601 4.83  0.0629  3.05
NO Cas                  27     293.4  -79.134 14.712  7.075 -1.592 0.1892 4.59  0.0461  2.93
NT Pup              12  72    1616.8   93.720 61.343 25.278 -1.776 0.3277 4.60  0.0975  2.40  0.0819  6.06  0.0932  4.21
OX Cam               1  10       9.8  -23.542 36.332 15.372 -1.566 0.3857 4.65  0.1990  3.21  0.0994  1.80  0.0481  0.30
QS Cam                  14      41.9  -38.879 40.517 16.867 -1.571 0.3823 4.63  0.1936  3.14  0.0908  1.63  0.0566  0.47
QZ Nor                 401   50396.7  -38.605 16.162  7.820 -1.487 0.2009 5.16  0.0447  3.89  0.0121  2.50
R Cru               20 167   30631.5  -10.929 37.694 15.017 -1.515 0.4419 4.72  0.2349  3.38  0.1083  2.01  0.0533  0.47
R Mus                3  26     605.5    3.034 38.509 15.058 -1.397 0.5138 5.13  0.1814  4.13  0.0919  2.33  0.0479  1.62
RS Nor                  10      37.6  -39.077 37.943 15.105 -1.444 0.4507 4.86  0.2276  3.73  0.0890  2.49  0.0490  1.09
RS Ori                  25      67.6   42.940 38.848 14.936 -1.397 0.5295 5.14  0.1869  4.04  0.1153  2.23  0.0469  1.48
RT Aur                  21     640.2   20.243 33.789 15.382 -1.615 0.3331 4.64  0.1549  2.94  0.0752  1.26  0.0425  5.85
RU Sct                  74    2686.0   -4.644 48.972 21.933 -1.664 0.2201 4.59  0.0138  2.09  0.0326  4.97  0.0272  3.65
RV Sco               2  50    1829.5  -19.574 40.176 15.448 -1.466 0.4712 4.83  0.2491  3.64  0.1079  2.30  0.0614  0.76
RW Cam               1  24     263.5  -24.432 51.749 22.145 -1.792 0.2634 4.55  0.0694  1.90  0.0804  5.71  0.0807  3.99
RW Cas                  26     123.9  -71.365 57.232 24.412 -1.727 0.2007 4.49  0.0475  0.30  0.0900  4.65  0.0740  3.02
RX Aur               1  15      21.6  -18.104 30.769 14.290 -1.254 0.2011 0.10  0.1266  4.81  0.0172  3.78  0.0296  3.40
RY Cas                  17      37.6  -83.550 35.890 16.304 -1.248 0.1750 0.12  0.1431  4.82  0.0184  3.05  0.0447  3.81
RY Sco               1 109   36576.8  -18.644 34.881 16.350 -1.573 0.1552 4.55  0.0081  0.77  0.0154  3.73  0.0142  1.06
RY Vel               6 122   14886.4  -11.162 37.311 17.511 -1.650 0.2529 4.39  0.0865  2.39  0.0324  0.46  0.0109  5.11
RZ Vel                 130  245117.1   25.476 57.091 24.887 -1.688 0.2924 4.59  0.0778  2.51  0.0483  6.24  0.0429  4.20
S Cru                   37    1973.9   -4.694 35.868 15.561 -1.571 0.3641 4.63  0.1849  3.09  0.0922  1.60  0.0467  0.13
S Mus                9  38    1233.6   10.220 29.112 12.271 -1.270 0.4920 5.79  0.1271  4.00  0.0744  3.59  0.0269  1.48
S Nor                   40    8447.4    6.134 33.761 14.337 -1.136 0.3566 0.23  0.1759  4.75  0.0237  4.92  0.0458  3.45
S Sge               13  25    3145.9  -24.443 36.334 14.343 -1.313 0.5368 5.49  0.1257  4.18  0.1137  2.99  0.0114  1.88
S Vul                5  80    8999.6    1.189 28.424 12.625 -1.523 0.3322 4.80  0.1313  3.24  0.0405  1.78  0.0224  0.86
SS CMa                  77     384.3   77.075 37.653 16.773 -1.198 0.2414 0.08  0.1650  4.76  0.0213  4.07  0.0601  3.41
SS Sct                   2       0.7   -6.975 30.181 14.158 -1.605 0.2784 4.61  0.0979  2.87  0.0669  1.29
ST Tau                   7      70.6    0.620 35.330 15.516 -1.588 0.3288 4.65  0.1178  2.98  0.0350  1.65
SV Mon                  68    6376.3   28.048 59.186 24.643 -1.813 0.2617 4.50  0.0515  1.48  0.0929  5.24  0.0891  3.55
SV Per                  31     409.5   -5.281 48.093 20.741 -1.241 0.0680 0.03  0.1637  5.64  0.0923  3.93  0.0179  2.31
SV Vel                  51    2625.0    6.393 43.044 19.696 -1.466 0.0925 4.96  0.0842  5.20  0.0575  3.49  0.0019  4.25
SV Vul               3 125  106376.4   -0.538 45.545 19.962 -1.674 0.3758 4.44  0.2070  2.67  0.1273  0.99  0.0741  5.63
SW Vel                 357  492634.9   23.976 60.772 25.913 -1.677 0.3814 4.63  0.1770  2.74  0.1155  0.88  0.0936  5.31
SX Vel               1  31     573.7   29.786 29.712 12.922 -1.295 0.4605 5.71  0.1181  3.99  0.0979  3.39  0.0519  1.11
SY Aur                  27     233.7   -3.107 22.613 10.541 -1.286 0.3812 5.88  0.1017  3.90  0.0552  4.05  0.0438  1.99
SY Nor               8  53    2796.2  -15.810 51.995 22.439 -1.370 0.0710 4.67  0.1117  5.93  0.0986  4.12  0.0368  2.17
SZ Aql                  66    9673.5    9.160 58.949 24.801 -1.712 0.2561 4.55  0.0333  1.71  0.0707  5.04  0.0624  3.34
SZ Cas                  30      68.1  -45.632 15.764  7.628 -1.460 0.0989 0.77  0.0302  5.54
SZ Cyg                  33     252.0  -10.050 50.470 21.974 -1.809 0.2425 4.50  0.0628  1.59  0.0868  5.51  0.0806  3.81
SZ Tau                  75    4089.8   -0.338 20.440  9.615 -1.513 0.2699 4.92  0.0727  3.55  0.0279  2.17  0.0171  0.61
T Ant                   42     169.1   28.449 46.068 17.586 -1.504 0.4831 4.70  0.2746  3.37  0.1391  1.94  0.0835  0.37
T Mon                1 154  156783.3   26.904 46.476 21.094 -1.683 0.3466 4.55  0.1880  2.59  0.1345  0.79  0.1037  5.47
TT Aql                  48    4652.7    4.085 53.247 23.183 -1.685 0.1583 4.44  0.0678  0.05  0.0957  4.50  0.0632  2.87
TW Mon                  24     124.6   82.823 32.883 12.840 -1.421 0.5078 5.05  0.1249  4.09  0.0731  2.49  0.0288  1.98
TX Cyg                  17     347.0  -21.440 51.550 22.396 -1.596 0.1047 4.62  0.0813  5.64  0.0782  3.92  0.0209  2.49
TX Mon              16  46    1070.5   76.597 35.044 13.719 -1.296 0.5616 5.62  0.1566  3.89  0.1045  3.30  0.0358  1.15
TY Sct                  14     459.0   24.632 40.317 17.479 -1.263 0.1592 0.39  0.1414  5.17  0.0109  3.50  0.0270  4.56
TZ Mon                  23     195.4   54.171 39.988 14.923 -1.374 0.5659 5.15  0.1624  4.11  0.1145  2.54  0.0387  2.06
U Car                  215  687996.1    2.614 48.366 21.008 -1.675 0.3865 4.45  0.2238  2.66  0.1448  0.98  0.0972  5.69
U Sgr                   16     165.4    3.169 38.246 14.894 -1.437 0.4901 4.92  0.2068  3.92  0.0816  2.29  0.0618  1.16
U Vul                9  80    1348.9  -13.410 29.649 12.029 -1.393 0.4913 5.27  0.1199  4.11  0.0823  2.35  0.0153  1.63
UU Mus                  82     630.9  -18.566 47.083 20.551 -1.227 0.1077 6.28  0.1624  5.29  0.0668  3.57  0.0216  4.12
UX Per               2   9      11.5  -47.986 41.034 16.605 -1.593 0.4108 4.62  0.2300  2.99  0.1264  1.48  0.0661  6.24
UY Per                  23      55.1  -52.818 39.205 15.972 -1.547 0.4148 4.73  0.2293  3.24  0.1214  1.76  0.0588  0.20
UZ Sct               4  31     327.4   41.429 48.488 21.607 -1.723 0.1865 4.43  0.0453  0.90  0.0723  5.02  0.0574  3.31
V Cen                   28    1183.1  -21.712 39.386 15.669 -1.529 0.4311 4.71  0.2346  3.30  0.1136  1.92  0.0597  0.37
V0335 Pup              446   42590.2   40.718 10.712  5.337 -1.573 0.0576 4.45  0.0041  4.72  0.0122  2.40
V0339 Cen               38     378.0  -23.352 31.073 13.369 -1.147 0.3943 0.12  0.1706  4.59  0.0313  4.86  0.0414  3.05
V0340 Ara               90   12793.1  -81.323 57.083 24.160 -1.746 0.3137 4.63  0.0946  2.52  0.0689  6.19  0.0715  4.27
V0340 Nor               63    1580.8  -39.621 17.896  8.613 -1.296 0.2605 0.12  0.0599  4.60
V0371 Gem               17    1270.5   29.341 18.065  8.721 -1.616 0.2499 4.40  0.0579  3.17  0.0485  1.37
V0378 Cen               43     386.6  -16.235 19.693  9.564 -1.689 0.1680 4.17  0.0437  1.84  0.0173  5.85  0.0102  3.83
V0379 Cas               12      63.8  -38.004 17.165  8.605 -1.533 0.1136 5.13  0.0303  3.24
V0381 Cen               19     132.4  -30.855 34.450 14.607 -1.556 0.3852 4.67  0.1934  3.15  0.0931  1.72  0.0473  0.28
V0389 Sct                8      12.1   34.451 19.758  9.470 -1.523 0.2222 5.04  0.0586  3.23  0.0140  1.72
V0391 Nor            2  81    8008.9  -34.477 21.535 10.684 -1.510 0.1035 5.32  0.0161  4.26
V0397 Car               84     814.1   10.812 16.937  8.280 -1.586 0.1860 4.59  0.0464  3.08  0.0146  1.67
V0397 Nor               15      74.1  -25.208 27.952 11.777 -1.437 0.3870 5.01  0.1313  4.21  0.0298  2.77  0.0158  1.72
V0402 Cyg                8      25.7  -13.786 30.040 13.686 -1.591 0.3228 4.62  0.1365  3.07  0.0675  1.41  0.0280  0.09
V0407 Cas            5  17      48.5 -108.517 26.204 12.054 -1.566 0.2932 4.66  0.1120  3.22  0.0450  1.80  0.0141  0.57
V0411 Lac               36      61.5  -24.121 16.893  8.220 -1.501 0.1821 5.15  0.0476  3.70
V0440 Per               97     923.8  -24.962  4.731  2.362 -1.598 0.0381 3.86
V0459 Cyg                6     117.8  -22.884 38.567 14.542 -1.411 0.5296 5.04  0.1949  4.10  0.0784  2.44  0.0569  1.68
V0492 Cyg            2  12      77.2   -3.388 26.434 11.047 -1.402 0.4364 5.24  0.0693  4.19  0.0620  2.81  0.0173  2.43
V0496 Cen               33     687.8  -14.451 32.353 14.647 -1.578 0.3313 4.65  0.1522  3.10  0.0708  1.60  0.0330  0.10
V0526 Mon               63    4042.2   53.096 13.585  6.523 -1.580 0.1880 4.70  0.0420  2.86
V0659 Cen            2 175   23452.1  -11.440 14.569  7.176 -1.601 0.0949 4.32
V0737 Cen               57    2764.2    7.677 21.244  9.300 -1.452 0.3501 5.12  0.0535  4.34  0.0267  2.39  0.0120  2.48
V0827 Cas            1   7      20.2  -58.656 16.291  7.819 -1.542 0.2135 4.87  0.0504  3.31  0.0148  1.97
V0916 Aql            3  29     510.5   20.763 52.574 22.956 -1.714 0.1788 4.44  0.0586  0.56  0.0914  4.80  0.0676  3.05
V0950 Sco               84   19758.3   14.336 16.497  7.875 -1.525 0.2184 4.89  0.0451  3.32  0.0176  1.99  0.0085  1.60
V1019 Cas               21     216.7  -48.525 17.608  8.448 -1.541 0.1562 4.96
V1046 Cyg                6      18.9   -2.463 29.152 13.097 -1.599 0.3156 4.63  0.1116  3.03  0.0600  1.17
V1154 Cyg              200      77.1   -4.071 24.474 11.484 -1.572 0.2698 4.63  0.0933  3.20  0.0320  1.77  0.0125  0.30
V1162 Aql            2   5      28.6   13.162 29.030 12.685 -1.550 0.3477 4.66  0.1531  3.35  0.0605  2.02  0.0272  0.41
V1197 Cen                3     136.8  -50.215 29.492 13.519 -1.619 0.2411 4.42
V1334 Cyg            8  52      11.9   -5.366  8.613  4.263 -1.563 0.1034 4.80  0.0121  3.16
V1726 Cyg               15      27.3  -15.028  8.194  4.076 -1.556 0.0642 5.10  0.0160  2.66  0.0110  0.69  0.0164  0.67
V1803 Aql            1  47     238.3   -3.365 23.628 10.370 -1.263 0.4396 5.97  0.1039  4.09  0.0394  4.20  0.0091  2.17
V2340 Cyg               19     130.0  -46.071 27.218 11.328 -1.319 0.4860 5.66  0.0957  3.89  0.0531  3.41  0.0144  1.26
V2475 Cyg            2  20      50.3   -0.676 40.518 17.979 -1.243 0.1493 0.12  0.1571  4.98  0.0389  3.42  0.0412  4.04
V5567 Sgr                6       7.3    5.969 29.758 12.451 -1.239 0.4991 5.83  0.1266  4.10  0.0778  3.89  0.0262  1.44
VW Cen                  68     800.1  -33.357 55.897 24.096 -1.761 0.2295 4.49  0.0429  1.20  0.0837  5.02  0.0769  3.33
VX Cyg                  28     146.7  -16.962 54.470 23.501 -1.776 0.2988 4.59  0.0928  2.27  0.0878  6.08  0.0833  4.26
VX Per                  29     751.7  -34.921 30.800 13.588 -1.205 0.4722 6.03  0.1499  4.28  0.0714  3.91  0.0528  1.84
VY Car                  75   32564.6    1.581 57.343 23.947 -1.787 0.2922 4.59  0.0693  2.11  0.0812  5.69  0.0841  3.93
VY Per              10  13      12.5  -48.367 39.545 15.924 -1.535 0.4262 4.74  0.2426  3.28  0.1249  1.83  0.0599  0.32
VY Sgr                  40    1689.9   15.993 57.307 24.659 -1.594 0.1595 4.48  0.0629  6.26  0.1001  4.42  0.0687  2.76
VZ Pup               4 144    3608.0   62.299 51.103 23.104 -1.666 0.2885 4.54  0.0976  2.51  0.0497  0.41  0.0359  4.92
W Gem                   66     527.5    1.660 40.804 14.800 -1.350 0.5936 5.22  0.1820  4.11  0.1372  2.51  0.0395  2.04
W Sgr               10  51   13346.5  -25.124 39.032 14.776 -1.376 0.5634 5.21  0.1811  4.15  0.1214  2.38  0.0438  1.83
WW Mon                  19     448.1   53.055 49.738 18.480 -1.590 0.4825 4.58  0.2896  3.04  0.1820  1.52  0.1032  6.14
WX Pup                  33     244.6   52.977 35.373 13.760 -1.344 0.5586 5.40  0.1266  4.13  0.1092  2.83  0.0093  1.98
WZ Car                  64    4508.0  -16.237 59.681 25.769 -1.689 0.3570 4.64  0.1475  2.72  0.0943  0.65  0.0801  5.11
WZ Sgr                  91   10176.2  -17.113 54.796 23.608 -1.754 0.3173 4.63  0.1037  2.44  0.0825  0.04  0.0815  4.50
X Cyg                1  21      59.4    9.629 54.300 23.086 -1.800 0.2896 4.57  0.0768  2.08  0.0844  5.77  0.0870  4.01
X Lac                   10      68.3  -24.625 22.630 10.978 -1.650 0.1629 4.20  0.0270  1.92
X Pup                  145   13479.8   71.048 57.605 25.238 -1.693 0.3599 4.57  0.1678  2.64  0.1128  0.72  0.0910  5.24
X Sgr                  326  457056.0  -14.721 29.552 12.519 -1.540 0.4073 4.75  0.1664  3.40  0.0615  1.83  0.0376  0.18
XX Car                  76    5103.1  -11.722 51.379 22.672 -1.642 0.1738 4.59  0.0426  5.69  0.0653  4.16  0.0304  2.70
XX Cen              10  67    1820.4  -19.511 37.186 16.517 -1.187 0.2662 0.11  0.1695  4.76  0.0264  4.20  0.0561  3.31
XY Car                  52    4151.4   -5.610 48.322 21.026 -1.351 0.0297 5.10  0.1322  5.89  0.0914  4.14  0.0319  2.24
XZ Car               1 106   12065.3    5.711 56.147 23.749 -1.795 0.2891 4.59  0.0707  2.10  0.0817  5.71  0.0854  3.96
Y Oph                   82   17651.0   -7.313 17.664  8.661 -1.538 0.0185 4.90  0.0278  5.39  0.0081  2.72
Y Sct                   44     939.4   14.036 42.211 17.905 -1.198 0.1817 0.49  0.1848  5.30  0.0447  3.41  0.0310  4.71
Y Sgr                   30    3789.7   -2.603 37.698 15.616 -1.496 0.3954 4.79  0.1989  3.48  0.0823  2.19  0.0400  0.82
YZ Aur                  28      51.8  -12.362 52.900 23.012 -1.818 0.2048 4.45  0.0613  1.07  0.0933  5.24  0.0745  3.61
YZ Car              10  38     349.6   -7.740 29.727 14.093 -1.552 0.0800 4.70  0.0407  5.35  0.0226  3.31  0.0114  6.26
YZ Sgr                  52    1805.6   22.024 31.772 13.712 -1.155 0.4348 6.25  0.1670  4.46  0.0551  4.52  0.0472  2.64
Z Lac               10  19      42.7  -30.521 43.030 18.660 -1.190 0.1905 0.31  0.1862  5.14  0.0424  3.58  0.0403  4.06
Z Sct                   78     828.4   29.855 51.562 22.522 -1.288 0.0537 5.72  0.1403  5.65  0.0943  3.96  0.0242  2.46
alf UMi             10 170     592.8  -15.793  3.526  1.762 -1.547 0.0297 5.70
bet Dor                277   90317.7    8.369 33.456 14.213 -1.151 0.3097 0.34  0.1801  4.90  0.0063  4.34  0.0399  3.85
del Cep              6 258     561.7  -16.966 38.104 15.577 -1.542 0.4180 4.71  0.2266  3.24  0.1187  1.79  0.0599  0.27
eta Aql                 33    2079.2  -14.787 40.012 15.593 -1.393 0.5201 5.08  0.1950  4.12  0.0908  2.44  0.0520  1.56
l Car                  901 4293978.9    3.423 34.074 15.888 -1.632 0.3224 4.51  0.1706  2.76  0.1008  1.19  0.0597  5.93
zet Gem                 64    3313.6    6.413 27.584 12.174 -1.229 0.2433 0.51  0.1289  5.09  0.0015  2.55  0.0195  4.68
