%%     52.960     4.320    0     0.250  -200.000   200.000
% HI4PI gauss data -------------
%   l, b, RA, DEC, beam interpolated N_HI, N_H2_dark, N_H2_tot  
%  52.960 ;   4.320 ; 288.267 ;  19.772 ;  0.442E+22 ;  0.427E+21 ;  0.153E+22
% nearest HEALPix pixel: l, b, RA, DEC, N_HI, N_H2_dark, N_H2_tot
%  52.954 ;   4.331 ; 288.254 ;  19.772 ;  0.444E+22 ;  0.375E+21 ;  0.146E+22
% GASS III survey --------------
% NH - median within 6 arcmin radius   0.00    
% NH - mean within specified beam      0.00    
% EBHIS survey -----------------
% NH  within specified beam           0.442E+22
%%EBHIS   316  datapoints: v_lsr [km/s] and T_B [K]
    -199.58    -0.020
    -198.29     0.050
    -197.00     0.004
    -195.71     0.022
    -194.42    -0.012
    -193.13    -0.003
    -191.85     0.001
    -190.56    -0.015
    -189.27    -0.024
    -187.98     0.062
    -186.69     0.018
    -185.40     0.029
    -184.12    -0.020
    -182.83    -0.015
    -181.54    -0.027
    -180.25    -0.004
    -178.96     0.002
    -177.68    -0.100
    -176.39     0.053
    -175.10     0.009
    -173.81     0.006
    -172.52     0.038
    -171.23     0.063
    -169.95     0.048
    -168.66    -0.038
    -167.37    -0.047
    -166.08     0.016
    -164.79     0.001
    -163.50     0.030
    -162.22    -0.046
    -160.93    -0.032
    -159.64     0.050
    -158.35    -0.001
    -157.06    -0.016
    -155.78    -0.001
    -154.49     0.011
    -153.20     0.011
    -151.91    -0.028
    -150.62     0.043
    -149.33     0.024
    -148.05     0.020
    -146.76     0.017
    -145.47    -0.025
    -144.18    -0.040
    -142.89     0.024
    -141.60    -0.003
    -140.32     0.004
    -139.03    -0.062
    -137.74    -0.080
    -136.45    -0.008
    -135.16    -0.021
    -133.88    -0.023
    -132.59    -0.007
    -131.30     0.015
    -130.01    -0.048
    -128.72    -0.072
    -127.43    -0.034
    -126.15    -0.020
    -124.86    -0.046
    -123.57     0.065
    -122.28    -0.001
    -120.99    -0.003
    -119.70    -0.017
    -118.42    -0.003
    -117.13     0.003
    -115.84     0.016
    -114.55     0.050
    -113.26     0.033
    -111.98     0.071
    -110.69     0.082
    -109.40     0.120
    -108.11     0.184
    -106.82     0.280
    -105.53     0.393
    -104.25     0.508
    -102.96     0.566
    -101.67     0.868
    -100.38     1.182
     -99.09     1.488
     -97.80     1.942
     -96.52     2.638
     -95.23     3.643
     -93.94     5.159
     -92.65     7.415
     -91.36    10.157
     -90.08    13.000
     -88.79    14.989
     -87.50    15.806
     -86.21    15.328
     -84.92    14.103
     -83.63    12.653
     -82.35    11.981
     -81.06    12.100
     -79.77    12.302
     -78.48    12.118
     -77.19    11.435
     -75.90    10.351
     -74.62     8.860
     -73.33     7.610
     -72.04     6.818
     -70.75     6.034
     -69.46     5.335
     -68.18     4.903
     -66.89     4.598
     -65.60     4.321
     -64.31     4.105
     -63.02     4.132
     -61.73     4.388
     -60.45     4.742
     -59.16     5.547
     -57.87     6.344
     -56.58     7.161
     -55.29     7.735
     -54.00     8.087
     -52.72     8.282
     -51.43     8.567
     -50.14     9.017
     -48.85     9.159
     -47.56     8.438
     -46.28     7.531
     -44.99     6.679
     -43.70     5.814
     -42.41     4.746
     -41.12     3.955
     -39.83     3.159
     -38.55     2.478
     -37.26     2.106
     -35.97     1.772
     -34.68     1.422
     -33.39     1.153
     -32.10     1.080
     -30.82     1.004
     -29.53     0.807
     -28.24     0.735
     -26.95     0.662
     -25.66     0.682
     -24.38     0.578
     -23.09     0.585
     -21.80     0.565
     -20.51     0.578
     -19.22     0.625
     -17.93     0.652
     -16.65     0.783
     -15.36     0.848
     -14.07     1.047
     -12.78     1.305
     -11.49     1.735
     -10.20     2.344
      -8.92     3.328
      -7.63     4.728
      -6.34     6.589
      -5.05    10.194
      -3.76    15.530
      -2.48    19.991
      -1.19    23.807
       0.10    32.875
       1.39    51.281
       2.68    64.932
       3.97    73.465
       5.25    78.813
       6.54    75.507
       7.83    70.009
       9.12    68.365
      10.41    61.299
      11.70    46.885
      12.98    30.769
      14.27    21.606
      15.56    18.297
      16.85    16.937
      18.14    17.378
      19.42    19.546
      20.71    21.009
      22.00    20.499
      23.29    20.052
      24.58    20.171
      25.87    21.791
      27.15    23.192
      28.44    23.753
      29.73    24.048
      31.02    24.130
      32.31    24.022
      33.60    24.096
      34.88    24.588
      36.17    25.865
      37.46    27.502
      38.75    29.236
      40.04    29.549
      41.32    27.895
      42.61    24.919
      43.90    21.516
      45.19    18.840
      46.48    16.802
      47.77    15.562
      49.05    14.952
      50.34    14.468
      51.63    14.320
      52.92    14.339
      54.21    13.761
      55.50    12.539
      56.78    10.849
      58.07     9.221
      59.36     7.705
      60.65     6.534
      61.94     5.413
      63.22     4.370
      64.51     3.550
      65.80     2.870
      67.09     2.296
      68.38     1.858
      69.67     1.518
      70.95     1.139
      72.24     0.891
      73.53     0.682
      74.82     0.550
      76.11     0.388
      77.40     0.312
      78.68     0.327
      79.97     0.244
      81.26     0.165
      82.55     0.147
      83.84     0.096
      85.12     0.056
      86.41     0.025
      87.70     0.103
      88.99     0.040
      90.28     0.006
      91.57    -0.003
      92.85    -0.025
      94.14     0.006
      95.43     0.064
      96.72     0.018
      98.01     0.044
      99.30    -0.009
     100.58    -0.001
     101.87    -0.007
     103.16    -0.029
     104.45    -0.095
     105.74     0.039
     107.02     0.094
     108.31     0.066
     109.60    -0.017
     110.89    -0.008
     112.18     0.019
     113.47    -0.034
     114.75     0.069
     116.04     0.026
     117.33    -0.009
     118.62     0.021
     119.91    -0.050
     121.20     0.002
     122.48    -0.028
     123.77    -0.097
     125.06     0.042
     126.35     0.038
     127.64     0.005
     128.92     0.005
     130.21     0.078
     131.50    -0.020
     132.79    -0.002
     134.08     0.074
     135.37     0.027
     136.65     0.025
     137.94     0.084
     139.23    -0.017
     140.52     0.009
     141.81     0.008
     143.09     0.049
     144.38     0.003
     145.67     0.012
     146.96     0.037
     148.25     0.009
     149.54     0.018
     150.82    -0.008
     152.11    -0.094
     153.40     0.013
     154.69    -0.036
     155.98    -0.021
     157.27     0.002
     158.55     0.042
     159.84     0.072
     161.13    -0.027
     162.42    -0.110
     163.71    -0.072
     164.99    -0.023
     166.28    -0.011
     167.57    -0.004
     168.86    -0.097
     170.15     0.036
     171.44     0.032
     172.72    -0.001
     174.01    -0.006
     175.30    -0.020
     176.59     0.032
     177.88    -0.054
     179.17     0.010
     180.45    -0.016
     181.74    -0.028
     183.03     0.003
     184.32     0.002
     185.61    -0.040
     186.89    -0.006
     188.18     0.002
     189.47     0.009
     190.76    -0.062
     192.05    -0.023
     193.34    -0.018
     194.62    -0.001
     195.91     0.028
     197.20    -0.019
     198.49    -0.039
     199.78    -0.045
%%GASS      0  datapoints: v_lsr [km/s] and T_B [K]
%%gauss   401  datapoints: v_lsr [km/s] and T_B [K]
    -200.00     0.000
    -199.00     0.000
    -198.00     0.000
    -197.00     0.000
    -196.00     0.000
    -195.00     0.000
    -194.00     0.000
    -193.00     0.000
    -192.00     0.000
    -191.00     0.000
    -190.00     0.000
    -189.00     0.000
    -188.00     0.000
    -187.00     0.000
    -186.00     0.000
    -185.00     0.000
    -184.00     0.000
    -183.00     0.000
    -182.00     0.000
    -181.00     0.000
    -180.00     0.000
    -179.00     0.000
    -178.00     0.000
    -177.00     0.000
    -176.00     0.000
    -175.00     0.000
    -174.00     0.000
    -173.00     0.000
    -172.00     0.000
    -171.00     0.000
    -170.00     0.000
    -169.00     0.000
    -168.00     0.000
    -167.00     0.000
    -166.00     0.000
    -165.00     0.000
    -164.00     0.000
    -163.00     0.000
    -162.00     0.000
    -161.00     0.000
    -160.00     0.000
    -159.00     0.000
    -158.00     0.000
    -157.00     0.000
    -156.00     0.000
    -155.00     0.000
    -154.00     0.000
    -153.00     0.000
    -152.00     0.000
    -151.00     0.000
    -150.00     0.000
    -149.00     0.000
    -148.00     0.000
    -147.00     0.000
    -146.00     0.000
    -145.00     0.000
    -144.00     0.000
    -143.00     0.000
    -142.00     0.000
    -141.00     0.000
    -140.00     0.000
    -139.00     0.000
    -138.00     0.001
    -137.00     0.001
    -136.00     0.001
    -135.00     0.001
    -134.00     0.001
    -133.00     0.001
    -132.00     0.001
    -131.00     0.001
    -130.00     0.002
    -129.00     0.002
    -128.00     0.002
    -127.00     0.003
    -126.00     0.003
    -125.00     0.004
    -124.00     0.004
    -123.00     0.005
    -122.00     0.007
    -121.00     0.008
    -120.00     0.010
    -119.00     0.013
    -118.00     0.016
    -117.00     0.020
    -116.00     0.026
    -115.00     0.033
    -114.00     0.043
    -113.00     0.056
    -112.00     0.072
    -111.00     0.093
    -110.00     0.121
    -109.00     0.156
    -108.00     0.200
    -107.00     0.256
    -106.00     0.326
    -105.00     0.412
    -104.00     0.518
    -103.00     0.647
    -102.00     0.804
    -101.00     0.993
    -100.00     1.223
     -99.00     1.506
     -98.00     1.866
     -97.00     2.339
     -96.00     2.984
     -95.00     3.879
     -94.00     5.112
     -93.00     6.739
     -92.00     8.738
     -91.00    10.970
     -90.00    13.134
     -89.00    14.772
     -88.00    15.641
     -87.00    15.760
     -86.00    15.181
     -85.00    14.127
     -84.00    13.020
     -83.00    12.256
     -82.00    11.978
     -81.00    12.067
     -80.00    12.259
     -79.00    12.283
     -78.00    11.968
     -77.00    11.288
     -76.00    10.345
     -75.00     9.301
     -74.00     8.303
     -73.00     7.433
     -72.00     6.712
     -71.00     6.121
     -70.00     5.630
     -69.00     5.217
     -68.00     4.869
     -67.00     4.582
     -66.00     4.359
     -65.00     4.205
     -64.00     4.131
     -63.00     4.152
     -62.00     4.289
     -61.00     4.566
     -60.00     5.001
     -59.00     5.579
     -58.00     6.241
     -57.00     6.893
     -56.00     7.443
     -55.00     7.833
     -54.00     8.077
     -53.00     8.247
     -52.00     8.434
     -51.00     8.724
     -50.00     9.064
     -49.00     9.132
     -48.00     8.720
     -47.00     8.067
     -46.00     7.393
     -45.00     6.699
     -44.00     5.966
     -43.00     5.220
     -42.00     4.501
     -41.00     3.840
     -40.00     3.257
     -39.00     2.757
     -38.00     2.340
     -37.00     1.997
     -36.00     1.719
     -35.00     1.494
     -34.00     1.312
     -33.00     1.164
     -32.00     1.044
     -31.00     0.945
     -30.00     0.864
     -29.00     0.796
     -28.00     0.740
     -27.00     0.693
     -26.00     0.655
     -25.00     0.625
     -24.00     0.602
     -23.00     0.587
     -22.00     0.579
     -21.00     0.578
     -20.00     0.587
     -19.00     0.607
     -18.00     0.642
     -17.00     0.696
     -16.00     0.778
     -15.00     0.894
     -14.00     1.053
     -13.00     1.267
     -12.00     1.558
     -11.00     1.959
     -10.00     2.504
      -9.00     3.240
      -8.00     4.216
      -7.00     5.511
      -6.00     7.400
      -5.00    10.381
      -4.00    14.486
      -3.00    18.439
      -2.00    21.262
      -1.00    24.572
       0.00    31.816
       1.00    45.300
       2.00    59.104
       3.00    67.075
       4.00    73.717
       5.00    78.409
       6.00    77.738
       7.00    73.245
       8.00    69.726
       9.00    68.477
      10.00    64.526
      11.00    55.410
      12.00    42.781
      13.00    30.622
      14.00    22.929
      15.00    19.316
      16.00    17.620
      17.00    16.907
      18.00    17.297
      19.00    18.741
      20.00    20.388
      21.00    21.059
      22.00    20.587
      23.00    19.952
      24.00    19.986
      25.00    20.750
      26.00    21.909
      27.00    22.983
      28.00    23.623
      29.00    23.942
      30.00    24.101
      31.00    24.127
      32.00    24.065
      33.00    24.025
      34.00    24.169
      35.00    24.663
      36.00    25.605
      37.00    26.934
      38.00    28.361
      39.00    29.402
      40.00    29.542
      41.00    28.504
      42.00    26.446
      43.00    23.871
      44.00    21.323
      45.00    19.147
      46.00    17.470
      47.00    16.262
      48.00    15.431
      49.00    14.888
      50.00    14.565
      51.00    14.416
      52.00    14.374
      53.00    14.275
      54.00    13.887
      55.00    13.075
      56.00    11.910
      57.00    10.591
      58.00     9.300
      59.00     8.129
      60.00     7.089
      61.00     6.160
      62.00     5.321
      63.00     4.566
      64.00     3.894
      65.00     3.303
      66.00     2.790
      67.00     2.347
      68.00     1.968
      69.00     1.645
      70.00     1.370
      71.00     1.138
      72.00     0.942
      73.00     0.779
      74.00     0.642
      75.00     0.529
      76.00     0.435
      77.00     0.358
      78.00     0.294
      79.00     0.242
      80.00     0.199
      81.00     0.164
      82.00     0.135
      83.00     0.111
      84.00     0.092
      85.00     0.076
      86.00     0.063
      87.00     0.052
      88.00     0.044
      89.00     0.036
      90.00     0.030
      91.00     0.025
      92.00     0.021
      93.00     0.018
      94.00     0.015
      95.00     0.013
      96.00     0.011
      97.00     0.009
      98.00     0.008
      99.00     0.007
     100.00     0.006
     101.00     0.005
     102.00     0.004
     103.00     0.003
     104.00     0.003
     105.00     0.003
     106.00     0.002
     107.00     0.002
     108.00     0.002
     109.00     0.001
     110.00     0.001
     111.00     0.001
     112.00     0.001
     113.00     0.001
     114.00     0.001
     115.00     0.001
     116.00     0.001
     117.00     0.001
     118.00     0.000
     119.00     0.000
     120.00     0.000
     121.00     0.000
     122.00     0.000
     123.00     0.000
     124.00     0.000
     125.00     0.000
     126.00     0.000
     127.00     0.000
     128.00     0.000
     129.00     0.000
     130.00     0.000
     131.00     0.000
     132.00     0.000
     133.00     0.000
     134.00     0.000
     135.00     0.000
     136.00     0.000
     137.00     0.000
     138.00     0.000
     139.00     0.000
     140.00     0.000
     141.00     0.000
     142.00     0.000
     143.00     0.000
     144.00     0.000
     145.00     0.000
     146.00     0.000
     147.00     0.000
     148.00     0.000
     149.00     0.000
     150.00     0.000
     151.00     0.000
     152.00     0.000
     153.00     0.000
     154.00     0.000
     155.00     0.000
     156.00     0.000
     157.00     0.000
     158.00     0.000
     159.00     0.000
     160.00     0.000
     161.00     0.000
     162.00     0.000
     163.00     0.000
     164.00     0.000
     165.00     0.000
     166.00     0.000
     167.00     0.000
     168.00     0.000
     169.00     0.000
     170.00     0.000
     171.00     0.000
     172.00     0.000
     173.00     0.000
     174.00     0.000
     175.00     0.000
     176.00     0.000
     177.00     0.000
     178.00     0.000
     179.00     0.000
     180.00     0.000
     181.00     0.000
     182.00     0.000
     183.00     0.000
     184.00     0.000
     185.00     0.000
     186.00     0.000
     187.00     0.000
     188.00     0.000
     189.00     0.000
     190.00     0.000
     191.00     0.000
     192.00     0.000
     193.00     0.000
     194.00     0.000
     195.00     0.000
     196.00     0.000
     197.00     0.000
     198.00     0.000
     199.00     0.000
     200.00     0.000
%% HI4PI Gaussians - height, velocity, width (sigma) 
%     33.474     5.446     6.205
%     17.561    30.182     8.961
%     42.321     5.311     2.639
%      5.194    28.142    20.603
%     10.035    50.738     8.395
%      8.122   -80.266    10.097
%     10.635   -87.662     3.432
%     11.498    40.211     2.954
%      6.036   -48.446     5.381
%      1.833   -50.919    14.938
%     18.661    11.070     1.295
%     14.408     9.294     1.138
%      9.976     1.859     1.041
%      2.503   -56.027     3.866
%      3.587   -78.105     2.653
%      4.912    20.573     1.611
%      3.118    54.154     2.295
%      3.233    -3.062     1.254
%      1.213   -48.855     1.444
%      0.930    27.044     1.043
%% Gaussians are derived from EBHIS                  
