%%     84.170    -2.690    0     0.250  -200.000   200.000
% HI4PI gauss data -------------
%   l, b, RA, DEC, beam interpolated N_HI, N_H2_dark, N_H2_tot  
%  84.170 ;  -2.690 ; 315.262 ;  42.207 ;  0.577E+22 ;  0.326E+21 ;  0.431E+22
% nearest HEALPix pixel: l, b, RA, DEC, N_HI, N_H2_dark, N_H2_tot
%  84.155 ;  -2.687 ; 315.246 ;  42.198 ;  0.582E+22 ;  0.370E+21 ;  0.437E+22
% GASS III survey --------------
% NH - median within 6 arcmin radius   0.00    
% NH - mean within specified beam      0.00    
% EBHIS survey -----------------
% NH  within specified beam           0.577E+22
%%EBHIS   316  datapoints: v_lsr [km/s] and T_B [K]
    -199.58    -0.033
    -198.29     0.009
    -197.00    -0.000
    -195.71    -0.031
    -194.42    -0.044
    -193.13     0.023
    -191.85    -0.032
    -190.56     0.037
    -189.27     0.018
    -187.98     0.014
    -186.69     0.043
    -185.40    -0.041
    -184.12    -0.029
    -182.83     0.014
    -181.54    -0.036
    -180.25    -0.074
    -178.96    -0.031
    -177.68     0.012
    -176.39     0.027
    -175.10    -0.060
    -173.81    -0.048
    -172.52     0.012
    -171.23    -0.004
    -169.95     0.060
    -168.66     0.031
    -167.37     0.013
    -166.08     0.060
    -164.79     0.012
    -163.50    -0.006
    -162.22    -0.049
    -160.93    -0.003
    -159.64     0.024
    -158.35     0.087
    -157.06    -0.083
    -155.78    -0.062
    -154.49     0.007
    -153.20     0.009
    -151.91     0.092
    -150.62     0.121
    -149.33     0.147
    -148.05     0.089
    -146.76     0.107
    -145.47     0.051
    -144.18     0.107
    -142.89     0.111
    -141.60     0.121
    -140.32     0.210
    -139.03     0.151
    -137.74     0.120
    -136.45     0.202
    -135.16     0.079
    -133.88     0.214
    -132.59     0.256
    -131.30     0.319
    -130.01     0.323
    -128.72     0.394
    -127.43     0.298
    -126.15     0.364
    -124.86     0.336
    -123.57     0.474
    -122.28     0.465
    -120.99     0.521
    -119.70     0.518
    -118.42     0.533
    -117.13     0.684
    -115.84     0.702
    -114.55     0.670
    -113.26     0.723
    -111.98     0.747
    -110.69     0.673
    -109.40     0.688
    -108.11     0.775
    -106.82     0.853
    -105.53     0.935
    -104.25     1.056
    -102.96     1.126
    -101.67     1.124
    -100.38     1.291
     -99.09     1.341
     -97.80     1.572
     -96.52     1.765
     -95.23     1.868
     -93.94     2.367
     -92.65     2.604
     -91.36     3.074
     -90.08     3.433
     -88.79     3.931
     -87.50     4.678
     -86.21     5.413
     -84.92     6.356
     -83.63     7.377
     -82.35     8.628
     -81.06    10.146
     -79.77    11.861
     -78.48    13.658
     -77.19    15.088
     -75.90    16.321
     -74.62    16.729
     -73.33    15.492
     -72.04    13.300
     -70.75    11.302
     -69.46    10.220
     -68.18     9.102
     -66.89     8.366
     -65.60     7.845
     -64.31     7.245
     -63.02     6.825
     -61.73     6.421
     -60.45     5.960
     -59.16     5.839
     -57.87     5.943
     -56.58     6.181
     -55.29     6.633
     -54.00     7.622
     -52.72     9.481
     -51.43    12.765
     -50.14    15.012
     -48.85    13.771
     -47.56    12.341
     -46.28    11.944
     -44.99    12.628
     -43.70    13.991
     -42.41    16.223
     -41.12    18.915
     -39.83    21.324
     -38.55    23.308
     -37.26    24.313
     -35.97    24.341
     -34.68    23.748
     -33.39    23.664
     -32.10    24.259
     -30.82    25.442
     -29.53    26.769
     -28.24    27.511
     -26.95    26.538
     -25.66    24.826
     -24.38    23.935
     -23.09    23.975
     -21.80    24.973
     -20.51    26.871
     -19.22    30.380
     -17.93    35.442
     -16.65    41.044
     -15.36    45.266
     -14.07    47.547
     -12.78    47.058
     -11.49    44.636
     -10.20    40.880
      -8.92    37.727
      -7.63    35.360
      -6.34    34.860
      -5.05    35.419
      -3.76    38.661
      -2.48    46.961
      -1.19    56.357
       0.10    63.005
       1.39    67.790
       2.68    70.856
       3.97    73.560
       5.25    77.796
       6.54    84.699
       7.83    89.337
       9.12    88.521
      10.41    79.799
      11.70    66.128
      12.98    56.935
      14.27    49.108
      15.56    38.841
      16.85    29.374
      18.14    21.216
      19.42    15.212
      20.71    11.099
      22.00     8.124
      23.29     5.836
      24.58     4.205
      25.87     2.973
      27.15     2.133
      28.44     1.373
      29.73     1.041
      31.02     0.745
      32.31     0.647
      33.60     0.544
      34.88     0.615
      36.17     0.512
      37.46     0.594
      38.75     0.585
      40.04     0.467
      41.32     0.431
      42.61     0.338
      43.90     0.325
      45.19     0.360
      46.48     0.253
      47.77     0.168
      49.05     0.241
      50.34     0.133
      51.63     0.163
      52.92     0.127
      54.21     0.103
      55.50     0.105
      56.78    -0.007
      58.07    -0.021
      59.36     0.079
      60.65     0.092
      61.94    -0.001
      63.22     0.030
      64.51     0.036
      65.80    -0.021
      67.09    -0.067
      68.38    -0.033
      69.67    -0.016
      70.95     0.141
      72.24     0.107
      73.53    -0.060
      74.82    -0.011
      76.11     0.042
      77.40    -0.063
      78.68    -0.073
      79.97     0.002
      81.26     0.006
      82.55    -0.034
      83.84     0.019
      85.12    -0.017
      86.41     0.002
      87.70    -0.089
      88.99     0.033
      90.28    -0.046
      91.57    -0.080
      92.85    -0.093
      94.14    -0.062
      95.43    -0.009
      96.72     0.009
      98.01    -0.029
      99.30     0.017
     100.58     0.031
     101.87    -0.013
     103.16    -0.044
     104.45    -0.076
     105.74    -0.016
     107.02    -0.003
     108.31    -0.075
     109.60     0.009
     110.89     0.036
     112.18     0.082
     113.47     0.031
     114.75    -0.036
     116.04    -0.054
     117.33     0.035
     118.62     0.071
     119.91    -0.034
     121.20    -0.065
     122.48     0.022
     123.77     0.143
     125.06     0.104
     126.35    -0.040
     127.64     0.039
     128.92     0.058
     130.21    -0.060
     131.50    -0.003
     132.79    -0.018
     134.08    -0.045
     135.37    -0.050
     136.65     0.028
     137.94     0.071
     139.23     0.007
     140.52    -0.065
     141.81     0.047
     143.09     0.094
     144.38     0.019
     145.67     0.070
     146.96     0.090
     148.25    -0.040
     149.54     0.003
     150.82    -0.032
     152.11    -0.013
     153.40    -0.081
     154.69    -0.009
     155.98    -0.015
     157.27    -0.051
     158.55     0.017
     159.84     0.045
     161.13    -0.038
     162.42     0.082
     163.71    -0.035
     164.99     0.006
     166.28     0.073
     167.57    -0.018
     168.86    -0.017
     170.15    -0.004
     171.44     0.000
     172.72     0.032
     174.01    -0.017
     175.30     0.023
     176.59     0.021
     177.88    -0.057
     179.17    -0.060
     180.45    -0.050
     181.74     0.040
     183.03    -0.006
     184.32    -0.004
     185.61     0.136
     186.89    -0.026
     188.18    -0.089
     189.47    -0.015
     190.76     0.091
     192.05     0.068
     193.34     0.072
     194.62    -0.028
     195.91     0.008
     197.20     0.132
     198.49     0.025
     199.78    -0.016
%%GASS      0  datapoints: v_lsr [km/s] and T_B [K]
%%gauss   401  datapoints: v_lsr [km/s] and T_B [K]
    -200.00     0.001
    -199.00     0.001
    -198.00     0.001
    -197.00     0.001
    -196.00     0.001
    -195.00     0.001
    -194.00     0.001
    -193.00     0.001
    -192.00     0.002
    -191.00     0.002
    -190.00     0.002
    -189.00     0.002
    -188.00     0.002
    -187.00     0.002
    -186.00     0.003
    -185.00     0.003
    -184.00     0.003
    -183.00     0.004
    -182.00     0.004
    -181.00     0.004
    -180.00     0.005
    -179.00     0.005
    -178.00     0.006
    -177.00     0.006
    -176.00     0.007
    -175.00     0.007
    -174.00     0.008
    -173.00     0.009
    -172.00     0.009
    -171.00     0.010
    -170.00     0.011
    -169.00     0.012
    -168.00     0.013
    -167.00     0.015
    -166.00     0.016
    -165.00     0.017
    -164.00     0.019
    -163.00     0.021
    -162.00     0.023
    -161.00     0.025
    -160.00     0.027
    -159.00     0.029
    -158.00     0.032
    -157.00     0.035
    -156.00     0.038
    -155.00     0.041
    -154.00     0.045
    -153.00     0.049
    -152.00     0.053
    -151.00     0.058
    -150.00     0.063
    -149.00     0.068
    -148.00     0.074
    -147.00     0.081
    -146.00     0.088
    -145.00     0.095
    -144.00     0.103
    -143.00     0.112
    -142.00     0.121
    -141.00     0.131
    -140.00     0.141
    -139.00     0.153
    -138.00     0.165
    -137.00     0.177
    -136.00     0.191
    -135.00     0.205
    -134.00     0.221
    -133.00     0.236
    -132.00     0.253
    -131.00     0.271
    -130.00     0.289
    -129.00     0.308
    -128.00     0.327
    -127.00     0.348
    -126.00     0.369
    -125.00     0.390
    -124.00     0.413
    -123.00     0.435
    -122.00     0.459
    -121.00     0.482
    -120.00     0.507
    -119.00     0.531
    -118.00     0.556
    -117.00     0.581
    -116.00     0.606
    -115.00     0.632
    -114.00     0.659
    -113.00     0.686
    -112.00     0.714
    -111.00     0.743
    -110.00     0.774
    -109.00     0.807
    -108.00     0.843
    -107.00     0.881
    -106.00     0.923
    -105.00     0.969
    -104.00     1.021
    -103.00     1.079
    -102.00     1.146
    -101.00     1.222
    -100.00     1.310
     -99.00     1.413
     -98.00     1.533
     -97.00     1.673
     -96.00     1.836
     -95.00     2.027
     -94.00     2.247
     -93.00     2.502
     -92.00     2.795
     -91.00     3.129
     -90.00     3.508
     -89.00     3.934
     -88.00     4.413
     -87.00     4.949
     -86.00     5.553
     -85.00     6.240
     -84.00     7.029
     -83.00     7.948
     -82.00     9.017
     -81.00    10.237
     -80.00    11.570
     -79.00    12.928
     -78.00    14.205
     -77.00    15.328
     -76.00    16.247
     -75.00    16.740
     -74.00    16.347
     -73.00    14.960
     -72.00    13.200
     -71.00    11.696
     -70.00    10.584
     -69.00     9.744
     -68.00     9.065
     -67.00     8.494
     -66.00     7.997
     -65.00     7.548
     -64.00     7.130
     -63.00     6.746
     -62.00     6.411
     -61.00     6.145
     -60.00     5.965
     -59.00     5.882
     -58.00     5.910
     -57.00     6.063
     -56.00     6.357
     -55.00     6.824
     -54.00     7.580
     -53.00     8.940
     -52.00    11.241
     -51.00    13.847
     -50.00    14.960
     -49.00    14.067
     -48.00    12.685
     -47.00    11.986
     -46.00    12.030
     -45.00    12.603
     -44.00    13.636
     -43.00    15.144
     -42.00    17.045
     -41.00    19.094
     -40.00    21.052
     -39.00    22.726
     -38.00    23.880
     -37.00    24.377
     -36.00    24.301
     -35.00    23.940
     -34.00    23.655
     -33.00    23.730
     -32.00    24.277
     -31.00    25.247
     -30.00    26.394
     -29.00    27.260
     -28.00    27.363
     -27.00    26.578
     -26.00    25.308
     -25.00    24.224
     -24.00    23.810
     -23.00    24.072
     -22.00    24.765
     -21.00    25.948
     -20.00    28.032
     -19.00    31.216
     -18.00    35.221
     -17.00    39.476
     -16.00    43.335
     -15.00    46.189
     -14.00    47.588
     -13.00    47.378
     -12.00    45.755
     -11.00    43.212
     -10.00    40.369
      -9.00    37.810
      -8.00    35.965
      -7.00    34.999
      -6.00    34.790
      -5.00    35.429
      -4.00    37.820
      -3.00    43.062
      -2.00    50.582
      -1.00    57.519
       0.00    62.597
       1.00    66.456
       2.00    69.434
       3.00    71.572
       4.00    73.558
       5.00    76.751
       6.00    81.720
       7.00    86.831
       8.00    89.582
       9.00    88.939
      10.00    83.492
      11.00    73.270
      12.00    63.615
      13.00    56.903
      14.00    50.744
      15.00    43.474
      16.00    35.604
      17.00    28.226
      18.00    21.950
      19.00    16.967
      20.00    13.189
      21.00    10.335
      22.00     8.119
      23.00     6.348
      24.00     4.915
      25.00     3.759
      26.00     2.843
      27.00     2.134
      28.00     1.605
      29.00     1.223
      30.00     0.960
      31.00     0.788
      32.00     0.683
      33.00     0.625
      34.00     0.597
      35.00     0.585
      36.00     0.578
      37.00     0.569
      38.00     0.551
      39.00     0.523
      40.00     0.486
      41.00     0.442
      42.00     0.395
      43.00     0.349
      44.00     0.306
      45.00     0.267
      46.00     0.233
      47.00     0.204
      48.00     0.179
      49.00     0.158
      50.00     0.140
      51.00     0.125
      52.00     0.112
      53.00     0.100
      54.00     0.090
      55.00     0.082
      56.00     0.074
      57.00     0.067
      58.00     0.061
      59.00     0.055
      60.00     0.051
      61.00     0.046
      62.00     0.042
      63.00     0.038
      64.00     0.035
      65.00     0.032
      66.00     0.029
      67.00     0.026
      68.00     0.024
      69.00     0.022
      70.00     0.020
      71.00     0.018
      72.00     0.017
      73.00     0.015
      74.00     0.014
      75.00     0.013
      76.00     0.012
      77.00     0.011
      78.00     0.010
      79.00     0.009
      80.00     0.008
      81.00     0.007
      82.00     0.007
      83.00     0.006
      84.00     0.006
      85.00     0.005
      86.00     0.005
      87.00     0.004
      88.00     0.004
      89.00     0.003
      90.00     0.003
      91.00     0.003
      92.00     0.003
      93.00     0.002
      94.00     0.002
      95.00     0.002
      96.00     0.002
      97.00     0.002
      98.00     0.001
      99.00     0.001
     100.00     0.001
     101.00     0.001
     102.00     0.001
     103.00     0.001
     104.00     0.001
     105.00     0.001
     106.00     0.001
     107.00     0.001
     108.00     0.001
     109.00     0.000
     110.00     0.000
     111.00     0.000
     112.00     0.000
     113.00     0.000
     114.00     0.000
     115.00     0.000
     116.00     0.000
     117.00     0.000
     118.00     0.000
     119.00     0.000
     120.00     0.000
     121.00     0.000
     122.00     0.000
     123.00     0.000
     124.00     0.000
     125.00     0.000
     126.00     0.000
     127.00     0.000
     128.00     0.000
     129.00     0.000
     130.00     0.000
     131.00     0.000
     132.00     0.000
     133.00     0.000
     134.00     0.000
     135.00     0.000
     136.00     0.000
     137.00     0.000
     138.00     0.000
     139.00     0.000
     140.00     0.000
     141.00     0.000
     142.00     0.000
     143.00     0.000
     144.00     0.000
     145.00     0.000
     146.00     0.000
     147.00     0.000
     148.00     0.000
     149.00     0.000
     150.00     0.000
     151.00     0.000
     152.00     0.000
     153.00     0.000
     154.00     0.000
     155.00     0.000
     156.00     0.000
     157.00     0.000
     158.00     0.000
     159.00     0.000
     160.00     0.000
     161.00     0.000
     162.00     0.000
     163.00     0.000
     164.00     0.000
     165.00     0.000
     166.00     0.000
     167.00     0.000
     168.00     0.000
     169.00     0.000
     170.00     0.000
     171.00     0.000
     172.00     0.000
     173.00     0.000
     174.00     0.000
     175.00     0.000
     176.00     0.000
     177.00     0.000
     178.00     0.000
     179.00     0.000
     180.00     0.000
     181.00     0.000
     182.00     0.000
     183.00     0.000
     184.00     0.000
     185.00     0.000
     186.00     0.000
     187.00     0.000
     188.00     0.000
     189.00     0.000
     190.00     0.000
     191.00     0.000
     192.00     0.000
     193.00     0.000
     194.00     0.000
     195.00     0.000
     196.00     0.000
     197.00     0.000
     198.00     0.000
     199.00     0.000
     200.00     0.000
%% HI4PI Gaussians - height, velocity, width (sigma) 
%     66.456     2.892     4.463
%     42.433   -13.590     5.242
%      6.213   -35.560    31.947
%     18.680    14.707     5.048
%     31.649    12.645     2.779
%     21.144   -28.160     3.637
%     17.580   -37.515     4.061
%      7.356   -75.356     8.605
%     33.766     7.737     1.827
%      5.684   -48.686     3.583
%     15.322    10.039     1.248
%      7.191    -5.772     2.179
%      4.938   -76.151     3.104
%      6.318    -1.312     1.457
%      6.170   -50.452     1.285
%      0.336  -116.565    18.871
%      2.977   -22.320     1.745
%      1.546   -74.018     1.247
%      0.186  -335.741    -4.684
%% component flagged & excluded if width negative ---
%% Gaussians are derived from EBHIS                  
