%% HI4PI eigenvalues Lambda_- at the nearest nside=1024 HEALPix position for l/b  84.17000  -2.69000
%% km sec**-1  K deg**-2 
    -50.000  -383.704                  
    -49.000  -242.195                  
    -48.000  -110.055                  
    -47.000   -63.499                  
    -46.000   -80.639  HI caustic      
    -45.000   -80.547                  
    -44.000   -89.003                  
    -43.000  -101.501                  
    -42.000  -106.905                  
    -41.000  -129.868                  
    -40.000  -214.590                  
    -39.000  -315.253                  
    -38.000  -355.184  HI caustic      
    -37.000  -326.823                  
    -36.000  -259.049                  
    -35.000  -174.905                  
    -34.000  -148.182                  
    -33.000  -250.769                  
    -32.000  -377.099                  
    -31.000  -514.409                  
    -30.000  -606.794                  
    -29.000  -624.792  HI caustic      
    -28.000  -594.388                  
    -27.000  -569.936                  
    -26.000  -541.092                  
    -25.000  -461.147                  
    -24.000  -382.905                  
    -23.000  -351.570                  
    -22.000  -331.922                  
    -21.000  -275.475                  
    -20.000  -199.348                  
    -19.000  -138.410                  
    -18.000   -76.279                  
    -17.000   -52.016                  
    -16.000   -86.710                  
    -15.000  -130.885                  
    -14.000  -177.866                  
    -13.000  -198.762  HI caustic      
    -12.000  -154.265                  
    -11.000   -56.795                  
    -10.000     1.484                  
     -9.000   -18.774                  
     -8.000   -66.678                  
     -7.000  -101.476                  
     -6.000  -113.460                  
     -5.000  -118.344                  
     -4.000  -127.227                  
     -3.000  -158.533                  
     -2.000  -220.923                  
     -1.000  -260.037  HI caustic      
      0.000  -251.534                  
      1.000  -237.306                  
      2.000  -242.532  HI FIR caustic  
      3.000  -195.074                  
      4.000   -97.201                  
      5.000   -58.318                  
      6.000  -186.636                  
      7.000  -405.687  HI caustic      
      8.000  -283.526                  
      9.000  -350.665                  
     10.000  -445.924  HI caustic      
     11.000  -256.492                  
     12.000   -84.897                  
     13.000   -65.211                  
     14.000   -53.725                  
     15.000  -103.515                  
     16.000  -134.274  HI caustic      
     17.000  -124.906                  
     18.000   -89.176                  
     19.000   -62.411                  
     20.000   -49.595                  
     21.000   -41.058                  
     22.000   -27.281                  
     23.000    -8.450                  
     24.000    10.118                  
     25.000    21.878                  
     26.000    23.483                  
     27.000    16.746                  
     28.000     6.772                  
     29.000    -1.564                  
     30.000    -5.308                  
     31.000    -6.668                  
     32.000    -9.610                  
     33.000   -10.038  HI caustic      
     34.000    -9.033                  
     35.000    -7.396                  
     36.000    -5.638                  
     37.000    -4.078                  
     38.000    -2.942                  
     39.000    -2.434                  
     40.000    -2.757                  
     41.000    -4.075                  
     42.000    -6.410                  
     43.000    -9.493                  
     44.000   -12.710                  
     45.000   -15.308                  
     46.000   -16.772                  
     47.000   -17.023  HI caustic      
     48.000   -16.317                  
     49.000   -15.029                  
     50.000   -13.489                  
