%%    255.740    -4.800    0     0.500  -200.000   200.000
% HI4PI gauss data -------------
%   l, b, RA, DEC, beam interpolated N_HI, N_H2_dark, N_H2_tot  
% 255.740 ;  -4.800 ; 120.630 ; -39.853 ;  0.525E+22 ;  0.415E+21 ;  0.604E+21
% nearest HEALPix pixel: l, b, RA, DEC, N_HI, N_H2_dark, N_H2_tot
% 255.762 ;  -4.818 ; 120.625 ; -39.881 ;  0.527E+22 ;  0.587E+21 ;  0.767E+21
% GASS III survey --------------
% NH - median within 6 arcmin radius  0.503E+22
% NH - mean within specified beam     0.503E+22
% EBHIS survey -----------------
% NH  within specified beam            0.00    
%%EBHIS     0  datapoints: v_lsr [km/s] and T_B [K]
%%GASS    485  datapoints: v_lsr [km/s] and T_B [K]
     199.53     0.067
     198.71     0.070
     197.89     0.066
     197.06     0.037
     196.24     0.084
     195.41     0.100
     194.59     0.066
     193.76     0.096
     192.94     0.112
     192.11     0.119
     191.29     0.125
     190.47     0.167
     189.64     0.134
     188.82     0.162
     187.99     0.207
     187.17     0.202
     186.34     0.199
     185.52     0.227
     184.69     0.232
     183.87     0.219
     183.04     0.262
     182.22     0.266
     181.40     0.292
     180.57     0.272
     179.75     0.305
     178.92     0.278
     178.10     0.283
     177.27     0.293
     176.45     0.265
     175.62     0.271
     174.80     0.274
     173.97     0.258
     173.15     0.285
     172.33     0.242
     171.50     0.232
     170.68     0.252
     169.85     0.239
     169.03     0.208
     168.20     0.242
     167.38     0.197
     166.55     0.177
     165.73     0.207
     164.90     0.219
     164.08     0.199
     163.26     0.194
     162.43     0.159
     161.61     0.155
     160.78     0.152
     159.96     0.144
     159.13     0.168
     158.31     0.130
     157.48     0.097
     156.66     0.121
     155.84     0.132
     155.01     0.090
     154.19     0.168
     153.36     0.139
     152.54     0.100
     151.71     0.119
     150.89     0.098
     150.06     0.137
     149.24     0.149
     148.41     0.166
     147.59     0.147
     146.77     0.198
     145.94     0.170
     145.12     0.196
     144.29     0.222
     143.47     0.229
     142.64     0.254
     141.82     0.323
     140.99     0.304
     140.17     0.402
     139.34     0.408
     138.52     0.494
     137.70     0.555
     136.87     0.615
     136.05     0.711
     135.22     0.774
     134.40     0.885
     133.57     1.033
     132.75     1.153
     131.92     1.324
     131.10     1.491
     130.27     1.702
     129.45     1.916
     128.63     2.207
     127.80     2.424
     126.98     2.795
     126.15     3.161
     125.33     3.507
     124.50     3.928
     123.68     4.367
     122.85     4.872
     122.03     5.409
     121.21     5.963
     120.38     6.584
     119.56     7.323
     118.73     8.186
     117.91     9.175
     117.08    10.441
     116.26    12.055
     115.43    14.156
     114.61    16.949
     113.78    20.335
     112.96    23.951
     112.14    27.573
     111.31    31.058
     110.49    34.057
     109.66    35.799
     108.84    36.158
     108.01    35.275
     107.19    33.201
     106.36    31.146
     105.54    29.624
     104.71    28.709
     103.89    28.635
     103.07    28.821
     102.24    29.012
     101.42    29.178
     100.59    29.710
      99.77    30.727
      98.94    32.386
      98.12    34.778
      97.29    38.267
      96.47    41.981
      95.64    44.323
      94.82    43.581
      94.00    40.506
      93.17    36.887
      92.35    34.464
      91.52    32.497
      90.70    28.636
      89.87    23.223
      89.05    18.615
      88.22    15.727
      87.40    13.951
      86.58    12.873
      85.75    12.284
      84.93    11.917
      84.10    11.815
      83.28    11.819
      82.45    12.059
      81.63    12.379
      80.80    12.710
      79.98    12.907
      79.15    12.910
      78.33    12.644
      77.51    12.242
      76.68    11.841
      75.86    11.508
      75.03    11.043
      74.21    10.542
      73.38     9.985
      72.56     9.382
      71.73     8.780
      70.91     8.205
      70.08     7.683
      69.26     7.305
      68.44     6.847
      67.61     6.497
      66.79     6.127
      65.96     5.819
      65.14     5.587
      64.31     5.432
      63.49     5.402
      62.66     5.422
      61.84     5.591
      61.01     5.878
      60.19     6.256
      59.37     6.812
      58.54     7.378
      57.72     8.018
      56.89     8.717
      56.07     9.301
      55.24     9.662
      54.42     9.476
      53.59     8.980
      52.77     8.421
      51.95     7.902
      51.12     7.622
      50.30     7.410
      49.47     7.290
      48.65     7.287
      47.82     7.353
      47.00     7.404
      46.17     7.526
      45.35     7.648
      44.52     7.787
      43.70     7.748
      42.88     7.827
      42.05     7.960
      41.23     8.104
      40.40     8.328
      39.58     8.803
      38.75     9.397
      37.93    10.236
      37.10    11.296
      36.28    12.692
      35.45    14.224
      34.63    15.731
      33.81    17.091
      32.98    18.295
      32.16    19.226
      31.33    20.083
      30.51    20.961
      29.68    21.792
      28.86    22.849
      28.03    24.084
      27.21    25.671
      26.38    27.840
      25.56    30.482
      24.74    34.090
      23.91    38.605
      23.09    43.938
      22.26    49.252
      21.44    53.469
      20.61    55.104
      19.79    54.710
      18.96    53.340
      18.14    53.058
      17.32    53.963
      16.49    55.047
      15.67    55.846
      14.84    56.312
      14.02    56.508
      13.19    58.798
      12.37    63.378
      11.54    67.714
      10.72    69.640
       9.89    70.126
       9.07    68.731
       8.25    63.713
       7.42    55.434
       6.60    45.480
       5.77    35.409
       4.95    26.767
       4.12    20.556
       3.30    16.359
       2.47    13.807
       1.65    11.799
       0.82    10.426
       0.00     9.207
      -0.82     8.211
      -1.65     7.202
      -2.47     6.373
      -3.30     5.495
      -4.12     4.789
      -4.95     4.058
      -5.77     3.498
      -6.60     2.962
      -7.42     2.550
      -8.25     2.198
      -9.07     1.858
      -9.89     1.632
     -10.72     1.403
     -11.54     1.191
     -12.37     1.026
     -13.19     0.878
     -14.02     0.754
     -14.84     0.719
     -15.67     0.608
     -16.49     0.512
     -17.32     0.468
     -18.14     0.389
     -18.96     0.355
     -19.79     0.308
     -20.61     0.252
     -21.44     0.199
     -22.26     0.214
     -23.09     0.147
     -23.91     0.194
     -24.74     0.116
     -25.56     0.134
     -26.38     0.094
     -27.21     0.103
     -28.03     0.083
     -28.86     0.075
     -29.68     0.095
     -30.51     0.049
     -31.33     0.060
     -32.16     0.053
     -32.98     0.048
     -33.81     0.051
     -34.63     0.091
     -35.45     0.008
     -36.28     0.033
     -37.10     0.067
     -37.93     0.058
     -38.75     0.052
     -39.58     0.019
     -40.40     0.055
     -41.23     0.009
     -42.05     0.066
     -42.88     0.025
     -43.70     0.036
     -44.52     0.031
     -45.35     0.020
     -46.17     0.048
     -47.00     0.006
     -47.82     0.049
     -48.65    -0.043
     -49.47    -0.006
     -50.30     0.060
     -51.12     0.051
     -51.95     0.025
     -52.77     0.016
     -53.59     0.068
     -54.42     0.047
     -55.24     0.021
     -56.07     0.015
     -56.89     0.017
     -57.72     0.038
     -58.54     0.043
     -59.37     0.024
     -60.19    -0.002
     -61.01     0.018
     -61.84     0.051
     -62.66     0.056
     -63.49     0.028
     -64.31     0.030
     -65.14    -0.025
     -65.96    -0.045
     -66.79    -0.003
     -67.61     0.007
     -68.44    -0.022
     -69.26     0.008
     -70.08    -0.013
     -70.91     0.001
     -71.73     0.017
     -72.56     0.002
     -73.38     0.012
     -74.21     0.005
     -75.03    -0.027
     -75.86    -0.002
     -76.68    -0.006
     -77.51     0.004
     -78.33     0.007
     -79.15     0.009
     -79.98    -0.031
     -80.80    -0.013
     -81.63     0.008
     -82.45     0.011
     -83.28    -0.002
     -84.10     0.003
     -84.93    -0.017
     -85.75    -0.008
     -86.58    -0.019
     -87.40    -0.016
     -88.22     0.008
     -89.05    -0.027
     -89.87     0.036
     -90.70     0.012
     -91.52    -0.018
     -92.35    -0.009
     -93.17     0.022
     -94.00     0.020
     -94.82     0.006
     -95.64    -0.006
     -96.47    -0.039
     -97.29    -0.002
     -98.12    -0.009
     -98.94     0.006
     -99.77     0.000
    -100.59    -0.004
    -101.42     0.007
    -102.24    -0.014
    -103.07    -0.001
    -103.89    -0.012
    -104.71     0.000
    -105.54    -0.008
    -106.36     0.014
    -107.19     0.019
    -108.01     0.018
    -108.84    -0.014
    -109.66     0.014
    -110.49    -0.004
    -111.31     0.021
    -112.14    -0.009
    -112.96    -0.007
    -113.78    -0.010
    -114.61     0.023
    -115.43     0.010
    -116.26    -0.018
    -117.08    -0.002
    -117.91    -0.004
    -118.73    -0.012
    -119.56    -0.032
    -120.38     0.002
    -121.21     0.017
    -122.03    -0.012
    -122.85     0.020
    -123.68    -0.036
    -124.50    -0.034
    -125.33     0.008
    -126.15    -0.002
    -126.98    -0.001
    -127.80    -0.029
    -128.63    -0.049
    -129.45     0.050
    -130.27     0.006
    -131.10     0.011
    -131.92    -0.033
    -132.75    -0.016
    -133.57    -0.001
    -134.40     0.031
    -135.22     0.010
    -136.05     0.005
    -136.87    -0.006
    -137.70    -0.005
    -138.52     0.021
    -139.34    -0.003
    -140.17     0.002
    -140.99     0.002
    -141.82    -0.007
    -142.64     0.031
    -143.47     0.021
    -144.29     0.044
    -145.12     0.035
    -145.94     0.009
    -146.77    -0.009
    -147.59     0.024
    -148.41     0.021
    -149.24     0.009
    -150.06     0.015
    -150.89    -0.002
    -151.71    -0.017
    -152.54    -0.018
    -153.36     0.029
    -154.19    -0.006
    -155.01     0.026
    -155.84    -0.003
    -156.66    -0.008
    -157.48     0.006
    -158.31    -0.004
    -159.13    -0.019
    -159.96    -0.035
    -160.78     0.002
    -161.61     0.015
    -162.43     0.001
    -163.26     0.023
    -164.08     0.042
    -164.90    -0.015
    -165.73    -0.003
    -166.55     0.019
    -167.38     0.028
    -168.20    -0.001
    -169.03     0.020
    -169.85     0.009
    -170.68    -0.001
    -171.50     0.006
    -172.33    -0.029
    -173.15    -0.030
    -173.97     0.020
    -174.80     0.001
    -175.62     0.016
    -176.45    -0.003
    -177.27    -0.002
    -178.10     0.030
    -178.92     0.005
    -179.75     0.019
    -180.57    -0.013
    -181.40    -0.006
    -182.22    -0.002
    -183.04     0.000
    -183.87    -0.032
    -184.69    -0.003
    -185.52    -0.027
    -186.34    -0.010
    -187.17     0.041
    -187.99    -0.020
    -188.82     0.016
    -189.64    -0.012
    -190.47    -0.003
    -191.29     0.007
    -192.11     0.028
    -192.94    -0.017
    -193.76     0.030
    -194.59     0.024
    -195.41     0.009
    -196.24     0.018
    -197.06    -0.001
    -197.89    -0.005
    -198.71     0.035
    -199.53     0.026
%%gauss   401  datapoints: v_lsr [km/s] and T_B [K]
    -200.00     0.000
    -199.00     0.000
    -198.00     0.000
    -197.00     0.000
    -196.00     0.000
    -195.00     0.000
    -194.00     0.000
    -193.00     0.000
    -192.00     0.000
    -191.00     0.000
    -190.00     0.000
    -189.00     0.000
    -188.00     0.000
    -187.00     0.000
    -186.00     0.000
    -185.00     0.000
    -184.00     0.000
    -183.00     0.000
    -182.00     0.000
    -181.00     0.000
    -180.00     0.000
    -179.00     0.000
    -178.00     0.000
    -177.00     0.000
    -176.00     0.000
    -175.00     0.000
    -174.00     0.000
    -173.00     0.000
    -172.00     0.000
    -171.00     0.000
    -170.00     0.000
    -169.00     0.000
    -168.00     0.000
    -167.00     0.000
    -166.00     0.000
    -165.00     0.000
    -164.00     0.000
    -163.00     0.000
    -162.00     0.000
    -161.00     0.000
    -160.00     0.000
    -159.00     0.000
    -158.00     0.000
    -157.00     0.000
    -156.00     0.000
    -155.00     0.000
    -154.00     0.000
    -153.00     0.000
    -152.00     0.000
    -151.00     0.000
    -150.00     0.000
    -149.00     0.000
    -148.00     0.000
    -147.00     0.000
    -146.00     0.000
    -145.00     0.000
    -144.00     0.000
    -143.00     0.000
    -142.00     0.000
    -141.00     0.000
    -140.00     0.000
    -139.00     0.000
    -138.00     0.000
    -137.00     0.000
    -136.00     0.000
    -135.00     0.000
    -134.00     0.000
    -133.00     0.000
    -132.00     0.000
    -131.00     0.000
    -130.00     0.000
    -129.00     0.000
    -128.00     0.000
    -127.00     0.000
    -126.00     0.000
    -125.00     0.000
    -124.00     0.000
    -123.00     0.000
    -122.00     0.000
    -121.00     0.000
    -120.00     0.000
    -119.00     0.000
    -118.00     0.000
    -117.00     0.000
    -116.00     0.000
    -115.00     0.000
    -114.00     0.000
    -113.00     0.000
    -112.00     0.000
    -111.00     0.000
    -110.00     0.000
    -109.00     0.000
    -108.00     0.000
    -107.00     0.000
    -106.00     0.000
    -105.00     0.000
    -104.00     0.000
    -103.00     0.000
    -102.00     0.000
    -101.00     0.000
    -100.00     0.000
     -99.00     0.000
     -98.00     0.000
     -97.00     0.000
     -96.00     0.000
     -95.00     0.000
     -94.00     0.000
     -93.00     0.000
     -92.00     0.000
     -91.00     0.001
     -90.00     0.001
     -89.00     0.001
     -88.00     0.001
     -87.00     0.001
     -86.00     0.001
     -85.00     0.001
     -84.00     0.001
     -83.00     0.001
     -82.00     0.001
     -81.00     0.001
     -80.00     0.001
     -79.00     0.001
     -78.00     0.001
     -77.00     0.002
     -76.00     0.002
     -75.00     0.002
     -74.00     0.002
     -73.00     0.002
     -72.00     0.003
     -71.00     0.003
     -70.00     0.003
     -69.00     0.003
     -68.00     0.004
     -67.00     0.004
     -66.00     0.004
     -65.00     0.005
     -64.00     0.005
     -63.00     0.006
     -62.00     0.006
     -61.00     0.007
     -60.00     0.008
     -59.00     0.008
     -58.00     0.009
     -57.00     0.010
     -56.00     0.010
     -55.00     0.011
     -54.00     0.011
     -53.00     0.012
     -52.00     0.013
     -51.00     0.013
     -50.00     0.014
     -49.00     0.015
     -48.00     0.016
     -47.00     0.017
     -46.00     0.018
     -45.00     0.019
     -44.00     0.021
     -43.00     0.023
     -42.00     0.024
     -41.00     0.027
     -40.00     0.029
     -39.00     0.032
     -38.00     0.035
     -37.00     0.038
     -36.00     0.042
     -35.00     0.047
     -34.00     0.052
     -33.00     0.057
     -32.00     0.064
     -31.00     0.072
     -30.00     0.080
     -29.00     0.090
     -28.00     0.102
     -27.00     0.115
     -26.00     0.130
     -25.00     0.148
     -24.00     0.168
     -23.00     0.193
     -22.00     0.221
     -21.00     0.255
     -20.00     0.295
     -19.00     0.343
     -18.00     0.402
     -17.00     0.472
     -16.00     0.557
     -15.00     0.661
     -14.00     0.786
     -13.00     0.938
     -12.00     1.122
     -11.00     1.345
     -10.00     1.616
      -9.00     1.943
      -8.00     2.340
      -7.00     2.820
      -6.00     3.400
      -5.00     4.099
      -4.00     4.923
      -3.00     5.864
      -2.00     6.911
      -1.00     8.070
       0.00     9.359
       1.00    10.850
       2.00    12.771
       3.00    15.643
       4.00    20.397
       5.00    28.133
       6.00    39.123
       7.00    51.714
       8.00    62.673
       9.00    68.882
      10.00    70.455
      11.00    69.104
      12.00    65.018
      13.00    59.372
      14.00    56.365
      15.00    55.855
      16.00    55.389
      17.00    54.030
      18.00    53.054
      19.00    53.726
      20.00    55.101
      21.00    54.522
      22.00    50.475
      23.00    44.098
      24.00    37.650
      25.00    32.523
      26.00    28.850
      27.00    26.206
      28.00    24.220
      29.00    22.701
      30.00    21.515
      31.00    20.489
      32.00    19.441
      33.00    18.208
      34.00    16.681
      35.00    14.900
      36.00    13.060
      37.00    11.402
      38.00    10.090
      39.00     9.158
      40.00     8.551
      41.00     8.180
      42.00     7.964
      43.00     7.843
      44.00     7.764
      45.00     7.678
      46.00     7.563
      47.00     7.437
      48.00     7.339
      49.00     7.312
      50.00     7.409
      51.00     7.682
      52.00     8.158
      53.00     8.793
      54.00     9.386
      55.00     9.608
      56.00     9.298
      57.00     8.601
      58.00     7.750
      59.00     6.927
      60.00     6.247
      61.00     5.762
      62.00     5.479
      63.00     5.367
      64.00     5.395
      65.00     5.541
      66.00     5.797
      67.00     6.157
      68.00     6.607
      69.00     7.122
      70.00     7.702
      71.00     8.349
      72.00     9.039
      73.00     9.735
      74.00    10.406
      75.00    11.029
      76.00    11.597
      77.00    12.121
      78.00    12.594
      79.00    12.923
      80.00    12.954
      81.00    12.679
      82.00    12.288
      83.00    11.997
      84.00    11.924
      85.00    12.126
      86.00    12.662
      87.00    13.669
      88.00    15.502
      89.00    18.975
      90.00    24.674
      91.00    30.518
      92.00    33.771
      93.00    36.485
      94.00    40.536
      95.00    43.394
      96.00    42.503
      97.00    38.718
      98.00    34.611
      99.00    31.721
     100.00    30.158
     101.00    29.464
     102.00    29.175
     103.00    29.012
     104.00    29.039
     105.00    29.604
     106.00    31.027
     107.00    33.190
     108.00    35.270
     109.00    36.053
     110.00    34.805
     111.00    31.747
     112.00    27.654
     113.00    23.217
     114.00    18.927
     115.00    15.260
     116.00    12.460
     117.00    10.428
     118.00     8.940
     119.00     7.804
     120.00     6.881
     121.00     6.091
     122.00     5.389
     123.00     4.751
     124.00     4.169
     125.00     3.641
     126.00     3.165
     127.00     2.740
     128.00     2.363
     129.00     2.032
     130.00     1.743
     131.00     1.493
     132.00     1.278
     133.00     1.092
     134.00     0.934
     135.00     0.798
     136.00     0.683
     137.00     0.585
     138.00     0.502
     139.00     0.432
     140.00     0.373
     141.00     0.324
     142.00     0.282
     143.00     0.248
     144.00     0.220
     145.00     0.197
     146.00     0.178
     147.00     0.163
     148.00     0.151
     149.00     0.141
     150.00     0.134
     151.00     0.129
     152.00     0.125
     153.00     0.124
     154.00     0.124
     155.00     0.125
     156.00     0.127
     157.00     0.131
     158.00     0.136
     159.00     0.142
     160.00     0.148
     161.00     0.156
     162.00     0.165
     163.00     0.175
     164.00     0.185
     165.00     0.196
     166.00     0.207
     167.00     0.218
     168.00     0.230
     169.00     0.241
     170.00     0.252
     171.00     0.262
     172.00     0.271
     173.00     0.279
     174.00     0.286
     175.00     0.291
     176.00     0.294
     177.00     0.295
     178.00     0.294
     179.00     0.291
     180.00     0.286
     181.00     0.279
     182.00     0.270
     183.00     0.260
     184.00     0.247
     185.00     0.234
     186.00     0.220
     187.00     0.205
     188.00     0.190
     189.00     0.174
     190.00     0.159
     191.00     0.144
     192.00     0.129
     193.00     0.115
     194.00     0.102
     195.00     0.090
     196.00     0.079
     197.00     0.069
     198.00     0.060
     199.00     0.052
     200.00     0.044
%% HI4PI Gaussians - height, velocity, width (sigma) 
%     10.168    88.155    21.150
%     27.201    20.585     6.300
%      8.108    26.824    17.986
%     13.398     7.873     7.275
%     10.453   106.456     9.297
%     19.196    97.307     4.634
%     35.949     8.182     2.127
%     26.964    15.620     2.046
%     19.686   110.067     2.725
%     29.246    11.307     1.738
%     22.154    95.167     1.697
%     17.369    20.767     1.877
%      6.211    33.390     2.888
%     13.175    91.121     1.223
%      3.316    75.552     3.734
%      4.052    56.077     2.905
%      1.792    46.147     5.151
%      4.376   108.800     1.593
%      0.234   175.706    11.629
%      1.303    80.567     2.084
%      0.140   494.742    -1.225
%      0.110  -144.284    -1.187
%      0.200   386.694    -0.550
%      0.231  -464.929    -0.423
%      0.207   344.608    -0.251
%      0.143  -398.349    -0.409
%% component flagged & excluded if width negative ---
%% Gaussians are derived from GASS                   
