%% HI4PI eigenvalues Lambda_- at the nearest nside=1024 HEALPix position for l/b 255.74001  -4.80000
%% km sec**-1  K deg**-2 
    -50.000     1.332                  
    -49.000     1.475                  
    -48.000     1.609                  
    -47.000     1.739                  
    -46.000     1.870                  
    -45.000     2.004                  
    -44.000     2.142                  
    -43.000     2.287                  
    -42.000     2.436                  
    -41.000     2.590                  
    -40.000     2.748                  
    -39.000     2.908                  
    -38.000     3.066                  
    -37.000     3.221                  
    -36.000     3.367                  
    -35.000     3.498                  
    -34.000     3.606                  
    -33.000     3.679                  
    -32.000     3.700                  
    -31.000     3.644                  
    -30.000     3.482                  
    -29.000     3.180                  
    -28.000     2.715                  
    -27.000     2.077                  
    -26.000     1.277                  
    -25.000     0.342                  
    -24.000    -0.685                  
    -23.000    -1.741                  
    -22.000    -2.741                  
    -21.000    -3.579                  
    -20.000    -4.126                  
    -19.000    -4.237                  
    -18.000    -3.767                  
    -17.000    -2.593                  
    -16.000    -0.664                  
    -15.000     1.681                  
    -14.000     1.938                  
    -13.000     1.200                  
    -12.000     0.059                  
    -11.000    -1.572                  
    -10.000    -3.826                  
     -9.000    -6.861                  
     -8.000   -10.908                  
     -7.000   -16.220                  
     -6.000   -22.278                  
     -5.000   -27.323                  
     -4.000   -30.895                  
     -3.000   -34.119                  
     -2.000   -36.615                  
     -1.000   -36.676  HI caustic      
      0.000   -32.168                  
      1.000   -24.133                  
      2.000   -32.903  HI caustic      
      3.000   -28.677                  
      4.000   -19.880                  
      5.000   -18.414                  
      6.000   -21.616  HI caustic      
      7.000    16.277                  
      8.000    62.753                  
      9.000    45.227                  
     10.000   -54.151                  
     11.000   -93.764  HI caustic      
     12.000   -55.309                  
     13.000  -180.233                  
     14.000  -228.483                  
     15.000  -577.904     FIR caustic  
     16.000  -803.502  HI caustic      
     17.000  -573.078                  
     18.000  -244.603                  
     19.000  -141.016                  
     20.000  -143.193  HI caustic      
     21.000  -123.682                  
     22.000  -119.257                  
     23.000  -121.205  HI caustic      
     24.000   -97.201                  
     25.000   -62.729                  
     26.000   -41.458                  
     27.000   -33.869                  
     28.000   -32.616                  
     29.000   -34.501                  
     30.000   -37.308  HI caustic      
     31.000   -36.537                  
     32.000   -30.755                  
     33.000   -27.875                  
     34.000   -35.371                  
     35.000   -44.565  HI caustic      
     36.000   -42.034                  
     37.000   -27.033                  
     38.000    -9.978                  
     39.000     0.185                  
     40.000     2.985                  
     41.000     2.053                  
     42.000    -0.790                  
     43.000    -8.157                  
     44.000   -17.955                  
     45.000   -19.496  HI caustic      
     46.000   -11.911                  
     47.000    -8.500                  
     48.000   -13.183                  
     49.000   -18.476                  
     50.000   -19.674                  
